38 0 184 164 7 294 162 260 285 156 263 299 99 230 24 174 239 53 267 111 191 64 122 26 222 6 25 201 205 292 223 71 47 143 94 199 134 183 17 
33 167 296 249 159 127 8 15 63 34 21 286 4 128 193 146 254 121 117 195 89 90 235 93 98 166 264 104 155 154 229 293 257 66 
28 168 41 212 148 276 227 56 38 213 224 284 282 68 271 172 147 283 10 112 152 126 268 240 49 100 118 175 115 
26 180 85 203 95 225 187 57 200 245 96 113 244 295 177 22 160 42 119 16 196 141 215 256 208 149 130 
30 216 88 259 136 290 275 220 79 232 188 29 40 185 82 50 197 237 76 131 5 246 86 106 12 210 97 1 84 169 274 
29 108 75 179 234 58 218 18 198 226 91 110 241 214 236 73 48 101 287 261 78 31 142 228 279 37 189 231 151 52 
28 54 80 133 87 137 74 44 129 39 28 217 102 157 253 11 277 70 139 20 265 145 297 262 135 270 211 46 2 
28 116 103 62 221 72 107 19 36 32 171 204 158 207 114 3 61 81 219 55 291 280 120 30 233 178 51 278 132 
24 65 33 161 273 144 150 60 92 105 125 209 109 163 23 202 138 250 242 176 269 194 153 173 186 
14 13 281 14 243 140 298 83 124 266 182 59 272 9 247 
11 27 170 190 258 248 238 289 288 206 255 251 
6 45 35 43 252 77 165 
5 181 67 192 69 123 
0 
0 
0 
0 
0 
0 
0 
0 
0 
0 
0 
0 
0 
0 
0 
0 
0 
0 
0 
0 
0 
0 
0 
0 
0 
0 
0 
0 
0 
0 
0 
0 
0 
0 
0 
0 
0 
0 
0 
0 
0 
0 
0 
0 
0 
0 
0 
0 
0 
0 
0 
0 
0 
0 
0 
0 
0 
0 
0 
0 
0 
0 
0 
0 
0 
0 
0 
0 
0 
0 
0 
0 
0 
0 
0 
0 
0 
0 
0 
0 
0 
0 
0 
0 
0 
0 
0 
