37 167 99 164 7 286 24 136 193 227 187 267 57 79 53 188 29 128 222 64 26 3 61 22 160 76 118 5 205 292 280 17 297 279 270 240 211 151 
34 168 41 88 299 246 220 58 225 263 261 200 166 230 172 174 157 86 253 195 23 237 235 201 255 51 192 100 120 186 69 84 169 274 183 
31 34 275 4 294 162 260 56 38 129 232 277 28 122 268 191 109 163 6 25 199 31 115 182 66 30 251 154 178 52 173 130 
27 0 184 72 148 159 137 144 285 21 32 40 239 158 207 197 93 283 291 20 55 145 155 229 37 189 247 2 
24 108 296 249 276 290 74 60 91 39 241 146 295 177 73 42 119 124 238 78 71 231 262 94 257 
24 216 212 85 92 150 273 63 224 102 202 82 50 89 147 90 45 248 250 266 176 47 46 1 208 
22 180 8 210 203 218 18 198 226 281 217 282 209 269 48 139 16 196 223 206 278 149 132 
19 87 103 133 15 44 113 214 204 121 117 114 70 287 264 104 126 233 9 175 
17 54 80 62 107 19 245 96 244 236 140 10 138 112 152 97 272 165 
17 116 134 127 105 125 156 284 254 27 190 83 98 141 215 228 194 153 
13 110 75 259 171 213 14 111 101 131 265 142 256 293 
9 161 185 68 81 219 106 252 143 77 
6 13 271 170 35 67 123 
6 95 243 181 289 288 49 
4 11 242 59 135 
2 258 12 
2 298 43 
0 
0 
0 
0 
0 
0 
0 
0 
0 
0 
0 
0 
0 
0 
0 
0 
0 
0 
0 
0 
0 
0 
0 
0 
0 
0 
0 
0 
0 
0 
0 
0 
0 
0 
0 
0 
0 
0 
0 
0 
0 
0 
0 
0 
0 
0 
0 
0 
0 
0 
0 
0 
0 
0 
0 
0 
0 
0 
0 
0 
0 
0 
0 
0 
0 
0 
0 
0 
0 
0 
0 
0 
0 
0 
0 
0 
0 
0 
0 
0 
0 
0 
0 
