21 2735 1335 6663 4143 6916 6228 5868 1866 741 6658 7114 2718 5284 3242 6153 7992 5057 611 4490 7953 6487 
30 6689 6466 3549 8962 7109 8274 9180 4643 715 1407 1248 6163 6932 3811 9611 6764 7788 7651 3570 5427 1395 8966 6104 2933 3198 995 5138 5545 6505 3984 
30 3090 7429 7499 5716 7401 622 4214 1066 1273 271 4693 3170 1803 7483 1885 7449 2903 5850 5951 9342 8972 8900 3492 6968 2361 1662 587 1809 6191 6704 
11 1209 7928 4307 6381 9563 7028 9052 2784 3608 5352 7773 
23 5018 8878 580 7846 9190 5006 823 6475 6662 2314 2368 3086 2088 2394 7566 9793 4434 9129 3523 913 8808 2628 3270 
18 9313 2356 4637 2559 585 5424 2313 7455 1353 9670 864 1651 1421 8088 8397 7304 4817 8046 
16 2519 7957 474 4842 1560 7329 8728 4546 6558 318 313 3936 7813 9921 4614 8684 
15 549 6541 1724 7862 3119 6669 7014 4406 5042 7849 3290 7351 2875 5372 6686 
22 4525 8773 7940 6352 1967 9043 1501 1448 614 7396 6431 1011 312 3244 3609 1824 7744 7261 9756 1064 2704 1619 
19 5934 4618 8758 3430 7709 1530 7226 7019 4656 7103 6580 1686 5156 5511 3116 9754 9919 3234 6610 
19 4679 1949 3565 1693 9353 9246 709 2076 6426 3865 847 3507 2693 1435 4961 9911 8634 1445 5573 
37 88 5497 187 6198 4058 7929 6199 7140 6493 8406 6849 5034 113 1838 7379 4965 4714 1531 4343 4357 4009 6674 2279 7385 1780 4582 94 5936 1926 2372 5736 1322 4983 5883 1680 4095 2699 
25 2465 3307 2135 5769 6039 7926 8228 2808 2438 683 9408 2495 434 6146 613 9798 8132 5897 3681 4473 9850 1404 1576 2457 2253 
34 519 1776 8950 8489 5304 567 2917 2695 9402 7471 3294 9951 3249 2904 3029 7282 8189 607 3215 7043 1561 6251 7653 5416 9524 2825 1936 31 2007 3185 4760 6944 2318 1653 
25 4309 9325 7965 2432 9679 8520 8086 8459 7398 3067 961 6418 3368 6454 4016 6425 1735 364 9750 1262 3792 3884 707 4023 4865 
7 5970 672 6031 7097 1817 4476 2563 
21 4839 6277 1543 677 6695 3743 606 3607 8204 489 7108 7113 4853 2541 8753 5410 3665 8818 7335 3237 1312 
30 5324 713 2986 7799 6724 2944 9636 493 4815 2320 2061 6480 8237 4930 5582 7718 6733 8498 1342 5326 559 7836 1726 1292 9271 6943 6365 265 1718 3274 
23 719 1977 6956 2635 2738 7643 5619 9130 2769 3305 4211 541 1218 2923 5804 2732 5832 2851 6520 556 2070 9451 6703 
16 423 4008 2720 1135 9231 2654 8051 4454 6267 6773 1877 54 2998 2298 8907 4740 
31 5335 8175 5445 2247 3555 9291 2316 3276 7993 6740 5377 3193 6793 2109 3352 8909 6306 8961 4581 2705 281 2650 8242 7473 1990 1035 1375 7136 3115 9865 7834 
28 4758 3817 2576 2941 5299 3371 4687 1113 3168 4635 4387 1013 166 7840 7665 1365 9132 7883 9799 1246 1706 5661 3745 4484 6934 5339 8980 7906 
24 3580 8102 3655 8731 6877 1489 9267 9890 6786 3138 8637 8715 3291 1416 2966 2534 2046 299 8790 1258 3730 994 7649 3573 
24 6252 984 3697 9556 326 8224 8486 4123 3315 3829 3613 6429 5233 3678 5925 7734 9221 4408 5989 3447 8156 2257 1082 7450 
22 1867 9675 8395 920 4742 6780 157 9207 7889 5237 6952 3575 2975 4056 4428 6327 7347 2486 3809 3310 5629 9196 
10 6822 7070 8840 8420 5649 3475 1860 5457 1048 1339 
8 1178 1111 9604 4958 9487 9920 5885 6544 
18 3055 8477 9121 1411 8905 3186 7022 5916 123 1760 149 9266 1974 9088 3637 9726 4239 5966 
12 8890 9579 4898 4504 4067 8501 6489 9398 2795 1659 5555 5037 
34 6002 4855 4059 5300 9550 3468 8324 596 1369 4327 8030 6446 2118 9874 5039 6000 8624 4400 2719 5552 4299 3980 8360 426 5482 5607 4118 4492 3703 1720 3762 5524 5493 9404 
15 8292 9449 2031 7435 2036 1352 5779 7466 4937 881 947 7195 7262 2990 6591 
41 7475 5086 1315 268 9084 6654 2774 8736 7088 7561 5971 1010 9485 5690 6159 4497 6741 5394 5650 2498 5031 255 4433 3801 6830 9603 2066 1708 6651 6592 7803 5459 2671 7509 7409 3140 6917 5190 5438 6693 6338 
19 5235 3988 5341 3692 6815 9733 8559 3471 9852 726 4071 1524 9633 5054 9345 9845 3770 2324 1880 
39 9409 2883 7956 117 5161 8509 3025 9685 6656 9820 2942 4537 6473 8823 3512 3149 8796 1587 2640 2771 817 4749 8536 4828 1834 4371 6235 3145 1670 345 6542 2059 60 3700 6070 1495 4600 4542 5456 
25 2920 2015 211 5426 2388 5875 5514 601 5373 4032 3962 9428 1959 262 573 2945 953 2149 7785 5595 5010 7878 8137 7393 5790 
37 4094 1097 5860 273 769 3167 8564 6044 789 7314 1640 8902 951 4384 3354 9089 2745 4787 8440 5556 714 3231 2274 7082 3684 4612 7897 2097 2655 8240 2879 2002 5784 5454 79 1086 8834 
19 3629 1305 8670 3767 7003 8248 6050 5030 644 3019 1906 1643 9568 6177 2868 7603 4192 5127 4837 
30 9752 3869 311 5954 3451 7342 9981 3663 8546 6363 3977 4997 3878 806 3670 6588 781 5135 1329 8579 1611 8441 1249 2035 5274 3026 7416 1892 4315 5538 
29 6670 29 3444 700 7064 4346 6783 9020 3546 9003 3855 1105 3338 894 7966 738 1183 4950 9708 8467 9849 3206 1935 221 7202 7996 5836 4978 9720 
41 1757 7952 3030 6767 6901 6900 7186 8739 109 6420 4003 7434 1843 4882 5698 1655 3403 9357 8026 8574 8419 6728 6436 4634 3981 4942 1886 7735 9822 4152 4265 4680 9746 2830 9193 4813 7144 2698 8221 6761 1452 
20 5440 6961 8675 4601 3321 3774 5570 2844 8427 9443 858 3106 7290 648 6242 8311 4277 6997 3871 9096 
31 9514 222 2571 2008 4788 1227 658 9864 208 4101 7512 8617 767 7490 3098 6103 7352 733 6940 7006 6528 9739 6075 264 4174 6635 1092 4425 5077 1805 5688 
28 563 8973 560 4481 2187 6357 782 6283 8416 6905 4119 3155 5919 9509 2494 3423 8381 4448 5266 1044 2080 49 859 1244 4732 302 8654 6196 
15 7657 4494 4894 7227 7671 8810 6230 323 7264 4501 6606 6715 7489 1293 7616 
45 8708 4435 9619 9626 8698 9698 3564 9305 7141 2788 7864 457 9503 6450 8713 7574 141 640 1913 4150 9322 7205 1255 9949 1289 7354 6709 8738 6443 4110 3485 7447 2367 5917 2631 5630 6691 1798 4531 366 7985 234 9555 3664 9309 
30 9847 9283 9581 2327 3457 6843 666 2184 9018 1443 2335 3079 1982 670 9039 8366 8525 1171 4459 2139 8140 6759 6448 108 6158 8908 562 4568 2786 3107 
13 9913 502 846 1634 267 2831 5267 3439 3760 6644 2030 9606 2853 
8 9976 3654 5858 6609 23 4700 2658 1254 
16 4078 8342 7716 3246 7590 6632 5144 9203 5987 2175 1056 630 6545 4332 231 3622 
38 8310 9888 1005 9979 957 5693 5027 1323 3176 6263 5425 8426 4493 8421 4398 989 2898 7679 1325 40 3992 5908 1541 3081 3504 171 9308 9174 4707 5512 5109 5494 2764 9119 321 181 9982 3517 
35 303 7040 8703 4495 8179 1414 7687 3333 2748 5049 8254 1588 8029 9199 8338 507 7691 1081 1937 9872 518 6036 2308 2343 124 2496 748 4633 8515 2301 5204 1400 6124 5179 1277 
25 1138 7399 3281 7911 4536 1438 2838 4583 8277 873 3292 5532 4092 7411 454 5984 7089 2440 8837 5949 2593 9099 7100 1881 1547 
13 7013 8345 85 9381 6274 7921 3272 9624 3728 1849 4339 5953 2090 
30 9707 9216 6649 9187 19 8587 1512 6913 9109 5491 7682 7636 1859 9177 8560 1098 7267 524 1682 5763 8064 7139 1606 331 1788 4272 6335 8888 5563 1107 
10 7861 372 3103 2912 3253 1888 9935 2278 2736 7376 
27 5192 7913 5359 849 6927 3531 2333 6279 9980 7770 3754 4566 112 3351 7498 4082 3187 3330 9875 4518 866 1645 9955 6895 7789 998 2243 
23 7463 3578 5679 5913 8981 2192 4584 6416 7012 2085 6948 2636 6791 6790 4176 4513 7348 1661 4284 7295 5130 1801 7696 
4 3696 5815 476 7910 
20 4377 8518 734 4948 3311 4648 3409 7637 5535 5818 3579 3602 529 7737 8209 5400 6155 4074 774 8253 
12 6412 1040 7468 712 6464 5095 7402 3819 9759 525 4269 1758 
35 2949 4379 1993 1269 1773 409 5626 1792 8989 6647 9702 9105 2468 3163 2144 7099 5986 6264 2186 5677 6315 7371 7545 7083 1490 2475 9446 6461 9390 5364 759 5944 9176 5874 4185 
18 3442 6831 2020 7640 554 4066 6485 7711 1192 8394 4517 5544 1878 9794 2258 9488 7192 2814 
15 6403 5756 5678 6380 9628 2075 3773 7812 777 9062 5810 2561 641 5597 1288 
12 3156 7119 7293 5902 5387 8262 5245 8786 7810 4720 9680 3202 
4 2384 7194 7672 4301 
19 9393 24 3693 7020 7346 5250 7065 5317 3635 243 3503 5013 8781 9257 8048 1654 3959 4203 2586 
27 1515 8640 4098 9523 3667 6139 8965 9392 3331 105 8067 4106 829 9222 7723 5349 7538 4237 9076 1172 7814 1898 7315 8363 8222 4393 9290 
33 1992 297 5402 9411 2603 5881 7198 2512 2915 206 513 6634 977 1835 2857 1564 9574 3789 5608 4351 152 6726 8245 446 7480 2223 7378 4540 3224 5294 8163 5760 5078 
9 6807 84 61 9901 3049 3358 8231 8969 6960 
14 375 6160 5343 3005 6607 9011 2511 306 4811 9115 4350 1360 7606 431 
23 8329 5598 1664 1194 6189 2589 2605 9477 1685 7847 7197 7562 7081 6238 7359 652 9059 9438 7221 163 8891 1542 3035 
12 1900 2869 3239 2418 5384 3153 7305 8340 3028 1327 4296 2890 
36 9140 5381 2429 6965 4090 3640 1625 1605 4781 6168 6053 8614 4940 1324 35 5662 7762 3597 6181 5864 5419 8050 3247 2400 1946 673 2849 5002 5131 4925 8199 7722 9525 845 144 8577 
30 6706 445 1833 1815 1447 3826 739 1874 2209 3370 2246 6581 7510 7817 5019 7886 4403 2909 8349 9618 3387 9616 8802 8602 7054 4364 3711 8332 4886 3908 
15 5717 7318 8213 6502 8787 8302 7210 8967 9997 9745 5461 731 59 4488 403 
32 768 8458 2507 8323 7546 7572 8848 9182 9090 8629 1260 4867 1474 880 9804 4810 9366 8592 8944 2965 1704 2188 8006 5930 5319 7863 8216 5549 9719 2579 2521 9766 
19 6115 55 1978 3647 9021 1548 8496 9529 1391 8626 139 1385 3301 7168 3427 7039 9517 5065 7611 
27 568 6633 6456 7891 7373 4233 950 1879 8791 6985 1676 8160 4278 1121 2916 495 9489 4773 2024 4943 3399 2823 8082 5325 6112 6288 9075 
19 7005 4829 5382 2649 8598 8291 1854 3536 5687 5732 1334 1440 1848 8866 7069 1829 7251 9069 9792 
16 837 5406 4644 7534 3073 6744 5062 1108 2749 6775 7268 8751 1663 5647 2271 4662 
34 2009 7877 5222 6269 3410 9544 5654 6361 3918 3991 8766 3459 4502 168 9538 481 6967 8300 2717 7153 6174 4097 2427 3419 4859 5577 259 623 226 6358 3184 5828 3286 2408 
18 1528 1563 3325 6818 3906 8111 2533 6086 4721 5786 971 3000 4971 2752 9599 5896 8607 6084 
6 583 8184 2128 4347 7316 6190 
9 6321 1 9884 1463 7542 8422 8572 7422 2396 
6 48 610 2828 3245 5991 7678 
23 6424 6912 2132 1179 3062 2557 3940 509 3293 5094 6511 6397 6432 4218 8625 1641 1366 5923 1514 6246 6492 1837 5665 
11 8578 2480 9341 6567 6548 3300 2552 7842 2978 9181 5979 
32 7229 7188 4475 6150 1908 417 9046 4953 5214 9947 2927 9065 66 4677 2122 618 5268 2086 6727 3074 6270 453 4831 7408 3864 9600 4922 3240 5753 7044 2326 4129 
32 4586 1332 3008 2714 8783 8020 4194 9128 8021 448 2105 6698 7135 1024 8864 7513 8843 720 2011 5385 7635 1368 2500 8483 2878 9660 8704 2226 3797 5072 5046 7820 
29 6694 9405 8484 1609 3236 6110 3147 5008 8601 8855 2856 1743 5701 8833 8665 2043 7425 9662 6661 3484 5401 5257 2307 3132 7918 4641 4691 955 8648 
12 219 2176 5475 9212 2968 3243 4000 8998 9601 7105 2544 7301 
20 8271 6794 1883 9347 1384 696 1973 5155 5621 3968 7599 1622 2894 3911 5918 1356 4054 662 5435 4908 
17 2531 3708 3750 3124 7532 81 5914 129 1851 2202 8197 4766 7989 579 2816 6524 8874 
30 1794 1170 3596 9985 2881 5089 6206 4405 245 5837 8772 2639 1193 6757 4213 7209 5040 115 8177 9185 8958 8749 4902 2428 6622 3481 2886 3324 7904 1562 
26 394 9166 2233 1406 1852 6457 5213 6404 9137 2123 2425 2212 7291 9040 8780 1484 5974 8942 4215 4785 7426 7946 9971 8569 8123 3458 
27 2296 5727 5808 7320 9768 2791 5227 2711 4349 4794 8346 209 7152 6360 3947 8348 3490 4879 8571 8235 534 6992 3412 3533 868 5414 6166 
19 6529 7156 6884 8557 6752 4208 2783 8464 4017 5553 9732 2363 21 5011 1173 3769 6768 7568 1285 
11 8227 1582 7981 304 9145 401 6911 1614 5587 1868 3795 
23 4877 3990 3849 5856 482 3148 5955 4575 8128 3732 7580 8774 9666 617 2754 867 3753 9496 278 1130 4686 1163 5513 
29 3527 8149 3651 2422 7129 9463 4255 3717 9138 39 816 8597 1840 256 5389 7397 1786 815 7500 595 3178 3023 2843 7530 3014 1575 2880 3825 5592 
21 4873 2297 6910 8918 6856 592 5350 7497 576 1270 103 4751 1157 6986 5659 6444 4040 3012 8540 8898 370 
30 8630 477 8932 1630 4437 4223 2928 8792 7196 2110 6272 6218 4629 8991 8170 1331 3582 8476 4738 6696 2987 5871 3886 9154 4337 869 7302 7593 9956 8690 
31 5218 2424 1637 1784 945 7585 2026 9640 6340 8187 8915 1955 91 9320 4920 9457 4163 779 9724 5569 9375 9407 9900 1656 8283 2817 4871 5905 634 558 2620 
10 1228 1372 9406 5393 2293 1674 2520 9927 5891 8308 
24 4984 2536 9996 8449 2641 7975 8573 4048 2330 1203 3428 6813 4340 9518 8668 653 9142 2222 5657 5252 1103 9253 1216 1691 
10 5615 4706 6123 9452 7948 6521 8461 9277 3378 6368 
30 1492 3197 5721 2166 3461 5351 3594 2074 379 1252 612 5844 1468 8593 9783 6081 6880 3810 6281 1152 2493 3642 5873 5644 5162 8008 8454 4719 7002 8321 
13 190 8425 5743 1100 2079 9627 7704 3603 9954 362 2488 8226 807 
34 3540 7553 5487 3317 4661 9602 8447 4666 9944 9100 6652 9101 4297 244 4195 6615 2921 843 5642 4893 9790 3910 6292 7556 9583 717 9245 440 7242 6226 3407 9391 7615 4338 
28 6745 1245 1601 5234 3165 2600 7576 2525 6719 8691 8446 7446 7394 686 7560 6055 6105 2690 4468 4191 3256 6310 3001 8275 3662 2238 9915 4018 
25 7612 7287 7180 4885 2742 1689 802 439 95 3047 1386 1272 2937 8882 3721 9492 5699 9186 101 3349 5423 5348 2196 8778 8012 
15 9649 8435 4414 4467 8493 8807 7907 5101 6951 4870 9170 8513 153 2229 6018 
29 8290 2147 9104 7465 3680 3334 2787 1644 6648 7876 9836 369 2504 214 5484 1850 3650 1623 7199 5863 9423 1426 9986 7954 5798 603 8463 4305 2130 
21 8024 9974 6924 9691 1002 3685 9837 4470 7933 5992 9533 8162 8709 1749 6249 1793 784 441 5024 1052 5616 
11 3257 9459 6349 3902 855 3322 9782 7783 20 1950 2841 
8 8711 9232 4939 3496 1050 4770 5877 7972 
13 6135 7325 932 9279 5768 6136 5248 1905 9560 9765 9885 1507 3912 
20 7936 1326 4202 660 2780 7263 4798 6771 1985 4588 9699 1116 3273 9434 5741 8633 1698 8267 3586 7288 
12 8158 8073 4836 7882 1509 9273 1276 1453 1628 1688 9379 2430 
29 6329 5948 3208 1984 3951 9473 7927 6875 328 5996 172 3605 8835 8079 3779 9830 691 7145 839 3782 3258 5692 5715 1027 6384 4553 7024 3223 1136 
20 9256 4154 5771 895 6261 1143 6980 8822 6720 8533 4188 1822 7721 5412 5463 7 4506 6690 828 5594 
30 2538 9191 7428 4848 4225 4260 8462 7430 6208 5437 8500 8800 6705 4164 8995 4617 7106 9541 7387 4514 6557 1577 1964 7917 3576 4108 7157 4640 9120 6087 
35 699 902 5358 1734 5990 8157 9757 2967 3196 8530 7442 965 3181 248 1896 5838 5347 4624 4722 5088 7872 2137 3896 6227 4464 4621 1446 3832 145 4261 2131 1772 4580 2067 2390 
14 7230 2357 7224 825 7870 9495 6245 2291 9972 4376 1580 4352 8108 8596 
8 8055 5510 2523 7248 47 5480 5653 1478 
9 3758 6304 5112 2539 7631 3885 3542 3051 2591 
25 5113 6747 5332 2439 4029 6619 3285 8638 8159 5074 8649 8250 9385 5084 3282 7841 8230 6285 2940 3978 9323 6872 9439 2618 6296 
10 627 1090 7638 3160 9012 3105 2573 6154 635 2874 
14 4959 8376 9401 3891 1251 7117 1054 3833 6034 4064 3818 9429 7256 2053 
39 1593 2899 892 2963 1030 128 9274 442 9806 5428 8259 1215 146 9135 4404 7624 4248 1460 6398 6396 2513 3946 5271 386 6262 7046 3363 7736 5924 270 8685 5613 3931 2373 432 7241 4841 1574 1038 
18 7116 6735 2198 6879 8077 3465 1071 4856 7332 2863 8145 7644 3039 6187 4779 4479 4341 7252 
5 8586 3329 7804 1744 4321 
20 4511 6455 4112 6711 368 6378 3595 8689 4251 9661 9034 3350 3995 7753 1961 7123 4216 764 8120 1658 
10 2006 2143 7357 6164 8040 4910 7319 2660 3848 6400 
23 2436 9412 9595 41 4080 5829 6316 6584 8504 8285 645 6966 3225 6687 9467 7338 4116 9918 8443 8527 7851 7795 956 
15 8699 3572 1635 8104 2056 7884 8795 2126 6597 2207 3502 7967 1702 9644 7206 
25 842 5060 6068 4200 9282 533 8198 5710 9743 7668 4872 2235 2753 2054 7167 4356 8126 6838 5116 7626 7072 4974 2099 7713 4399 
14 7575 8819 2365 6860 2434 3189 2334 6867 3356 2469 8202 8971 973 8232 
17 5572 8370 9559 2426 1994 7602 6550 6128 1762 5602 6825 933 1590 7684 229 8825 5195 
36 7104 7677 9316 2681 3830 7406 8588 9819 2250 9297 4645 8595 1910 671 3807 6925 2882 3117 3075 118 5068 9553 8992 6006 9415 8084 3226 5275 1481 8110 9061 9384 9211 9638 4268 8644 
11 400 874 4153 1208 174 2376 6079 4509 6355 452 6996 
25 7451 4170 8548 1778 589 7648 5778 2595 7583 5448 9302 1696 3909 3554 2294 9218 4864 8305 1487 7350 4570 8523 6302 3069 3053 
18 5744 9851 7779 6319 6855 3659 5288 9605 7032 8600 5151 2855 1274 9840 6595 2227 4354 5575 
23 3384 6804 6307 3024 1830 9654 315 1363 8695 5082 5562 8478 42 1763 8946 4363 7781 4731 307 9531 6723 9916 1540 
9 8566 6377 7854 594 9767 4122 3111 4554 9195 
10 2106 499 6066 3213 7474 261 8669 235 4892 6090 
26 5137 6173 46 8979 4807 649 2776 8988 2037 2565 3470 1235 3211 9240 3201 8010 7815 8663 6157 9501 9808 4424 6522 3975 2185 9960 
29 3104 1869 5554 435 6012 4450 2663 7686 2645 7187 9361 1461 1008 8495 6486 5104 77 2553 6388 632 6577 7419 6614 5157 7831 6477 6080 5682 8521 
18 6851 7355 6904 5862 4335 5374 5298 3158 8846 6107 8139 9764 6390 1552 3838 9811 8582 5398 
21 5746 9306 6004 5189 6200 2382 7096 4274 1239 2230 1062 636 938 490 8442 4847 2832 2584 8151 776 3861 
11 9087 5517 6192 5983 788 3383 7059 8726 2322 170 4790 
33 5500 2642 608 511 2537 3786 6638 4639 531 871 1902 3615 3038 4550 1396 1979 4903 9103 1383 7939 3449 8643 4073 5153 7526 9157 571 4427 6612 5935 1153 7623 9312 
32 3424 4935 4455 1697 5158 7867 9035 7010 1884 3623 7176 5892 6089 8307 5999 5584 7944 5036 4578 2433 8764 5118 9455 1049 5209 6731 3280 6664 1242 9703 747 1009 
7 4084 854 1399 6441 1374 8106 6890 
24 3976 9965 1995 6003 212 2000 1755 3624 3173 586 1496 7732 8857 1668 4503 8304 3472 3917 201 9668 5207 9484 7784 7391 
20 5466 3601 5748 9705 6710 4246 2626 665 753 9483 5531 4631 6700 3002 12 1764 165 7964 7281 357 
35 6239 7249 4826 1201 7372 100 856 6172 2731 9678 897 7086 8134 7683 9667 6437 9634 3915 8554 1154 2451 6681 5943 6551 4999 1358 1624 7950 8880 3277 1379 3712 8100 9854 5175 
17 661 2957 277 7255 6474 4207 3366 4011 9609 4522 7776 5051 3415 7001 9876 2623 664 
7 8892 8434 4507 3539 9569 396 4665 
13 8978 6756 1206 7924 1873 7627 4746 959 3592 6001 9351 5 7909 
20 7768 9744 3050 2497 9738 7792 4035 2077 4652 5526 9064 3058 2804 697 2505 4613 2346 5821 9573 3894 
12 8203 2657 1527 1518 3557 2896 3802 4636 2288 5272 3820 7133 
14 7270 9763 9843 3876 2873 3545 3486 5787 5707 2806 6993 5588 8098 3316 
15 4184 6410 5295 2112 9833 872 6684 681 3854 5826 6770 7767 3134 4178 5449 
23 5890 1142 3396 2305 4558 5516 2455 9926 5803 2558 3648 2482 9262 5451 5453 9657 4800 1904 9548 5462 7121 3725 9360 
13 200 2566 5920 3022 1223 7172 3232 5344 3905 6566 2766 5353 1000 
30 3989 1267 9144 9575 419 9116 7211 5540 8298 7337 1348 3220 4472 4964 2740 1029 9941 4762 1296 4567 3506 2218 834 246 9301 2502 3965 5446 6260 9637 
35 530 4196 5887 8784 164 9871 7856 3057 3938 9419 9912 30 4658 5212 3574 8063 4857 2931 5882 7034 5329 551 5945 6926 3020 5098 7395 418 6958 2421 5697 5407 296 8375 5947 
19 5369 3129 3866 1986 8410 498 2984 494 2979 9368 7971 7857 3299 5357 3982 4263 2741 2068 2528 
32 4833 4109 8832 718 1177 8035 2304 2261 4699 5663 4834 8746 3952 819 793 5610 1747 8039 4012 9989 9841 5236 8364 5198 3080 274 3369 6701 1204 7405 4795 3336 
18 8328 9869 9251 7071 5534 647 2943 3087 1583 9697 4183 5781 4510 2617 2251 2836 9371 3842 
22 9813 8309 4673 2167 9286 5656 3541 2973 8970 3191 2842 9889 2057 199 6268 1198 9480 4043 2936 503 5742 7519 
24 9469 1313 8133 8747 3083 3054 5124 4205 8815 5603 4682 8164 4906 2768 2004 9017 5035 8052 8317 6999 755 3733 3633 8762 
29 2401 8351 150 4482 5593 1480 8645 7208 9106 1709 6495 4430 3154 1846 1373 2872 5625 3660 6535 2182 1526 6568 7955 2287 1290 1958 2252 8947 2662 
27 9255 3066 98 3414 2442 92 7085 7662 8038 2174 5878 3509 8721 9964 9571 5793 359 8356 6109 7124 1483 7708 5568 6411 6964 1751 3749 
19 3362 5417 7750 808 5168 9880 6829 6891 9725 3568 3899 2612 7244 2010 324 1333 7382 750 5069 
15 3092 3821 4421 6749 4115 7666 9832 5422 5170 3759 6836 2661 2799 993 7110 
35 3068 9030 428 8856 1079 1647 4063 1508 6460 5160 8928 4453 4628 8743 3487 985 3610 546 2906 6229 356 1063 7486 7386 3440 9243 6586 1925 6955 1903 3522 1636 7374 4319 6702 
8 4630 3510 3614 17 6289 8811 1298 7147 
16 5636 730 7874 8192 1236 5681 1361 1648 736 4442 5073 2371 6300 8913 8479 8005 
6 3188 1240 9586 8207 853 4887 
23 1970 8868 4938 9042 6029 8118 6013 2216 7920 2835 9785 4595 2796 2189 8475 9055 7280 4931 2701 7239 8606 1510 4519 
16 2782 6536 266 2352 3114 8412 5260 8662 8687 215 7122 5342 160 8336 8838 4374 
12 9543 1200 1221 6645 7535 1168 5120 8542 8953 4587 8303 1123 
7 6765 780 1233 4863 4245 2275 4027 
27 9078 5205 5507 5816 5303 378 9002 7245 5495 6313 3476 9388 127 9458 11 2479 6344 4754 7853 1321 6668 6646 5561 389 1085 2953 242 
27 5307 9751 1346 1797 7456 3710 3425 9328 7080 282 189 134 3194 3214 340 7076 3927 5788 4671 4660 4019 8369 3780 8488 2032 9770 4789 
11 332 7787 3462 506 1146 884 6847 6600 8070 9970 3562 
31 6202 6409 3566 8682 832 7276 4300 4623 6041 7573 3765 6223 6106 7529 7389 6240 4358 5106 7271 451 8771 4609 6095 471 2692 294 4460 205 220 1615 8301 
27 5025 9382 3921 3966 7685 8085 9464 8173 425 5076 7663 4884 5092 1572 3499 6140 3137 1458 9534 5961 3048 2237 5889 9067 390 6991 8594 
9 4717 7149 515 6064 8166 8141 727 8570 1546 
11 9805 3381 2977 584 7930 9597 1740 3456 5121 7600 8452 
27 5282 6220 6356 3666 8575 5799 8653 4764 4862 7984 1612 8093 7312 395 6862 1988 740 4591 4075 9049 1129 651 8641 6423 2449 8879 8543 
15 5541 615 3199 6125 8379 6989 1106 377 3986 1914 2473 6679 4916 6802 5071 
14 3017 9613 284 9897 9497 8339 508 3776 4564 4840 6156 7786 4100 3491 
6 3426 9252 8821 1650 8074 6527 
26 8382 7557 6984 6058 9071 4355 1667 9516 6737 9963 7274 5140 6014 3010 4692 2052 6094 4361 4678 7514 2821 5399 2456 1748 4220 6889 
24 4761 210 135 1863 4615 704 7477 4944 5238 3722 5123 9083 5664 3013 9966 581 1185 2282 7771 5867 8215 2847 1701 9749 
13 1804 6430 9925 5492 5772 6781 45 746 7095 8623 1731 7527 762 
36 6255 4228 4869 9681 6842 5287 9158 2044 1104 890 6374 3108 4638 3851 3271 6452 4533 151 6928 7178 7238 6776 6554 6972 7694 8863 5431 4670 4926 5731 9942 6045 3275 4348 1080 7586 
7 5017 9549 4973 1186 6523 2453 5982 
32 9631 6413 3585 4137 4704 6563 2556 1997 643 2383 2452 2042 9159 5249 1714 1591 5103 9932 4030 8061 7369 4444 2195 2170 4458 5048 7673 8282 667 9545 6011 6533 
19 5285 69 7323 1503 3740 6399 2270 7278 4880 6921 7453 4052 3488 1408 4695 325 1134 6893 7818 
11 565 9349 412 9665 9527 4039 4498 2884 4166 1259 835 
28 6265 3816 5668 9620 3879 1175 7642 8116 9505 8312 4832 8272 8911 9462 8646 6820 4415 3516 9006 5521 4378 6979 8503 8409 6212 4474 914 1425 
19 3263 2399 5888 6293 6526 3524 9712 3752 865 6243 9539 7633 5133 9945 3888 1253 6214 4438 3705 
24 4980 9045 4830 7253 9815 907 2033 7344 8667 319 1470 5026 4992 9748 5660 3308 4238 198 9338 4757 5599 3856 5774 0 
27 8448 4020 7628 5620 3433 380 1733 6969 2362 5909 694 5102 8565 6543 1117 5105 4650 7317 3683 555 6788 2193 9663 6099 2818 480 1767 
17 5757 6922 119 7236 5712 2551 1529 25 7063 3059 1736 5813 3359 3771 3514 790 4545 
27 5090 4088 7102 8353 1222 1232 4703 3783 7727 1297 716 544 680 8344 7798 4890 7273 7275 3926 7349 9639 2194 7154 443 6869 2993 2554 
21 4875 483 6718 7380 7092 4372 1355 3102 6346 2404 9882 2547 7075 9148 4418 329 6339 6507 4077 3836 1402 
27 975 3632 9735 7692 1565 1660 821 1309 2470 5134 4046 7353 3319 7345 1457 4165 4688 9440 2739 8895 8893 7974 7368 4755 8612 131 391 
31 6547 7698 8940 4705 3122 4244 3434 5100 1537 1947 2213 8920 8136 4053 8524 5355 8584 4368 2895 4814 4391 8295 6941 4684 2259 6057 8541 706 4741 8414 5111 
26 6942 4657 5627 5783 4007 761 8101 6832 4709 350 1476 2518 1058 8567 7608 1853 8741 6180 9124 7423 2807 6207 2133 7524 2055 2775 
29 655 3411 1723 1777 6886 1181 9070 5070 1721 8273 6345 3761 6366 2040 9378 9643 106 9027 3682 8017 1821 4998 7051 8716 3679 8001 729 3618 3862 
21 9696 6186 7934 2751 7250 7339 500 5097 6949 9807 860 1083 5750 3254 3688 4778 3713 8674 9396 9227 8924 
30 7243 290 4410 4285 9037 646 292 2686 6601 2180 2065 4105 2264 5962 9333 9234 3757 4423 803 2160 4936 7659 1678 5831 3998 2450 1599 9721 8278 4451 
14 3200 4050 5240 1430 5674 7769 2173 2355 1960 8547 4899 6975 7726 6517 
12 5777 9769 57 4411 4465 1007 7163 4530 722 6675 7855 2210 
28 7000 2245 9179 6141 3875 772 97 1004 8007 9652 4221 5670 2156 4336 8491 6774 7908 2027 6256 6049 3941 4729 5791 269 8372 4759 8365 4180 
26 8803 656 6048 9450 1745 9858 2992 6946 833 9948 1051 6680 6042 3429 7865 5980 9372 3071 9189 4079 3084 7358 8770 2848 8717 8960 
28 3544 5711 8155 7277 8937 397 161 3583 6290 4266 2501 6176 2861 7949 6171 3844 9594 2621 6231 9047 9648 9781 9448 2454 888 2746 9771 1345 
14 3739 8167 7216 1553 9928 8099 3007 3070 3799 1523 5911 4329 1087 6518 
31 8816 9562 5719 1627 6729 7191 2867 6367 886 330 9482 9225 1753 1291 536 2309 125 4025 2646 5165 1166 1933 6564 5634 1488 140 7151 3954 7008 9690 9776 
14 4107 3398 6305 1023 3955 6347 1832 4598 8460 8982 1594 535 8636 3646 
22 935 7193 5409 2119 4806 4227 3867 5211 9284 8745 2034 2364 1283 9653 625 7470 1806 8734 2091 1390 3837 1439 
20 6069 1500 3453 9118 8037 8951 2140 4024 8860 3082 2290 3141 122 9902 969 9740 3791 8556 44 2169 
28 5686 8059 8042 5107 5957 2900 8609 2809 8182 1942 3295 4477 5083 275 8383 1053 5005 8354 1775 5421 3353 3094 291 6653 5176 3558 5842 9461 
28 3375 2338 7492 5724 4585 8094 674 5557 9784 3846 2837 9079 2948 4168 4076 4236 5215 2003 1953 4161 885 5202 7138 7219 1454 1195 3860 9430 
25 8146 4782 1102 6402 6484 3904 2323 2393 3174 3269 6953 5558 3895 5320 7898 4419 4303 2491 5596 9938 2785 8337 1306 3950 997 
28 9254 7690 2577 6244 8785 8804 6336 5830 7793 37 3948 8881 8481 7852 3217 7326 2871 8977 4212 7652 6673 2637 2908 1938 9465 6603 5230 4044 
23 7554 4250 4141 7174 7548 1729 6503 2171 6462 4543 4359 6325 8809 999 2763 8964 9676 9331 6323 3626 2492 3431 4972 
15 4733 4602 8831 2981 4532 3974 3432 8511 5323 1420 1746 9704 6332 5969 7343 
13 5182 6498 3420 3701 9289 1381 7947 7669 8455 8997 1131 1093 2540 
17 6021 7579 5503 6639 6026 2377 3657 382 5941 7749 3416 1532 4710 6552 5050 4330 7433 
12 2581 9082 6391 754 2443 6314 4362 6539 9659 8206 1812 3367 
19 5566 3445 381 2952 8768 7595 5702 6809 4485 7592 6359 2248 5291 4317 2656 5033 1347 7641 4962 
27 7567 1550 6739 6076 1725 2570 7915 2108 5366 6762 8990 9224 1389 6312 7819 6083 1781 5228 7511 2302 5432 1096 5618 8948 6322 9510 2862 
13 497 4065 5452 5708 8550 1436 8004 5537 963 9490 824 1956 737 
13 9625 5012 3537 4744 516 1891 6850 9917 8798 9239 2236 905 8047 
25 2934 5477 7994 2919 3345 4139 9655 2810 388 698 2370 121 4461 5383 3076 3296 6725 3897 6914 8959 6295 263 2659 4883 9953 
32 830 9512 8191 942 5043 3373 5899 2292 280 8938 5764 582 7552 414 6047 8916 7531 9835 4982 7027 8457 6022 8333 1820 9591 9296 3718 5676 5029 5865 7559 9936 
29 8219 6392 2041 2982 9171 2653 1768 5952 1182 1700 2607 987 9000 6422 991 9293 4198 8172 8068 8234 7421 6827 4541 6046 8885 8528 763 7017 9350 
15 7444 8875 8169 4254 9741 3109 26 6573 1089 8371 5591 1147 8044 2529 2280 
14 9795 32 4028 8194 461 3261 4653 2997 8968 5825 143 2961 3097 5854 
11 6903 7464 1533 7292 771 2047 8456 2827 2460 2824 2669 
29 3840 4957 8955 2585 3636 348 9557 9265 9566 1264 912 7037 9441 9542 5506 6301 5946 5912 5328 8015 3171 7845 637 2643 5148 7303 6569 4311 5159 
16 6742 1491 9511 6538 922 6216 4520 628 6732 1712 7170 5960 4753 5705 7182 8013 
26 1963 6575 9617 7232 9033 9576 9817 137 8343 4685 9136 6798 3628 6234 1810 3525 2485 2750 6175 5056 6421 3143 4287 7068 251 8865 
29 3972 4409 8188 5576 5187 6407 7169 5622 285 3621 399 1981 8415 9230 4915 6478 4114 2459 8651 6351 6330 1174 5972 1858 6828 7978 9024 5363 7093 
5 3616 8034 3112 5371 8330 
22 9164 7190 8368 1557 552 6182 5866 8529 353 8485 8742 8403 862 7796 909 8428 1603 7809 548 4189 8850 7111 
17 203 7962 5729 6962 8347 4889 6866 7658 9094 8985 7160 7184 6976 532 8083 9259 3857 
26 9314 6023 7916 9263 5433 3228 8148 4062 6871 7761 561 8244 4560 2104 4333 4745 5518 5965 9898 6250 1279 3413 7742 68 5714 3043 
20 8681 4659 102 7816 967 230 9054 5564 6056 2834 9479 6868 9760 4647 2481 4996 5110 7459 7460 1403 
25 7710 3036 4786 6062 1872 6659 65 4654 6713 2955 8906 3508 1444 3764 2215 3379 8097 6145 2914 5388 107 7667 5508 1202 2321 
17 4396 7922 9537 992 2930 7162 1710 1417 8505 8293 7645 485 7745 979 3266 2866 1559 
28 1684 7246 7364 572 7445 7697 5045 8494 1774 9300 3443 8105 7587 1976 5481 3142 7923 6506 6278 4812 2820 4577 7869 5311 7300 1923 4747 758 
27 4291 6119 7438 8263 3843 8028 9160 4701 7062 7743 72 6572 5590 2733 5740 5203 6092 1336 504 8943 8417 6637 5476 9206 2165 8677 4031 
24 6438 5601 2999 6618 2954 6808 2272 1428 537 8325 2023 8544 8470 1451 3389 6276 2994 5246 9007 2858 1354 447 1808 2038 
27 5539 4914 1294 3477 2802 4888 4756 4819 1431 7091 8516 9498 7313 5805 2587 1486 7670 8058 2638 2798 4229 3563 5926 5177 8522 4900 1722 
13 2651 9610 8642 300 415 9478 5486 9508 7990 3903 8870 1465 8499 
26 982 354 4366 3482 4117 1429 7777 4326 5221 2762 3101 5023 9969 6091 186 4809 2380 4768 7247 7826 3787 8508 983 9650 2487 5988 
23 7494 4986 5241 930 7041 7066 1256 8401 6909 8827 8705 4121 5000 6883 6376 1229 7050 9664 6348 9336 590 3279 6273 
27 2181 6814 3958 8367 9242 2260 7693 8018 8615 387 9983 6800 936 1217 8109 4912 6754 3473 3841 213 6490 1382 2325 4500 6935 3355 7458 
13 2409 6512 9364 8854 3798 3790 4331 459 1415 9110 5313 512 9868 
6 8071 2767 2145 9269 488 9642 
16 9504 305 8362 2757 547 6077 6419 6017 958 5142 4669 9787 7310 5811 7476 980 
20 2060 3435 657 7778 9276 9694 7231 3498 8904 4675 3085 1789 4144 5840 6792 5269 6074 4901 831 4160 
14 2464 1319 1836 8729 5759 8315 6760 8405 3872 182 9365 8877 4556 7410 
12 2178 7284 6184 5671 9413 9861 4534 3727 3934 1894 2677 5434 
3 5091 8319 2897 
27 1046 9647 1110 7730 7479 8761 5583 1045 6772 9298 3913 1471 238 4316 7454 6382 7491 6100 6599 450 1739 5839 8174 5392 1602 7189 5460 
13 376 475 7901 9019 3297 5950 2255 6779 4861 8384 2069 669 8147 
26 8236 4544 9209 2385 1511 3326 8652 7493 5099 194 5470 2437 7507 2950 5080 4175 4262 5397 8255 2317 8423 7269 879 685 948 1989 
13 241 1349 8190 4089 254 4441 4784 2228 52 3645 9630 4388 4646 
29 4318 7759 6009 7503 2680 1464 9208 5314 433 9074 7604 689 4993 7418 195 9688 9895 2672 4235 4275 7839 6373 6959 6840 5775 8925 9432 5063 4253 
23 8445 6024 1169 514 9151 6907 6864 2407 1943 5567 5166 8851 4651 2403 1818 1795 1070 6616 2629 1156 6559 336 1012 
12 986 9923 6213 2781 3493 374 6247 1844 6795 3812 8957 1019 
13 1845 8671 2527 6237 7516 7045 5386 10 6785 1466 1314 8788 3755 
4 233 7630 3521 1855 
6 5751 8306 7719 4951 6417 1705 
22 4854 3970 1864 286 2395 4866 3997 15 8289 4060 7488 4535 6469 120 1485 7018 9812 9961 7030 3956 3577 7482 
13 5263 3169 4990 7903 1459 8605 3923 2730 5149 4383 5973 4047 1207 
22 6101 8876 9564 9809 6082 9156 4282 7987 4625 2614 1790 8883 5052 7327 9080 6810 1673 7728 4457 335 7200 3207 
20 908 6491 5356 1639 3210 3949 4135 9867 954 5061 4919 1197 3337 5302 7518 9280 911 8053 4193 1652 
23 8112 3778 1160 542 2790 8760 126 1519 4970 8218 2678 184 4187 1807 6427 7258 6796 2779 73 2819 3971 7766 3617 
27 169 751 6222 2648 2082 2958 8793 9444 114 3392 1618 6555 3037 2503 7755 8639 4780 1133 3460 3151 6194 7822 9056 5474 8683 9990 3238 
29 9410 633 5279 8176 2568 7629 3845 2535 5872 3450 6331 7790 9447 7177 695 2708 1616 6852 2358 1638 3040 2870 9922 9931 2347 9909 3422 7702 8519 
10 6078 5169 3230 4952 836 5669 8080 6453 5884 6328 
23 6537 2706 2852 9623 6716 5658 684 1525 5191 8871 3344 1719 3118 2630 6108 322 7073 3687 6291 7112 2770 1210 8480 
20 422 5853 6896 8806 3839 4776 408 1320 4947 2713 6974 5997 351 7031 6666 8561 8722 7181 2606 9086 
24 1281 5695 9127 5310 9165 6746 4045 9632 2234 5041 5770 6375 3561 1016 5739 538 9519 7892 8152 3698 6445 5806 6350 1300 
7 3993 2217 1311 5193 9346 2005 1022 
11 9202 9842 4605 4724 9288 3466 3227 2959 8576 826 4471 
27 225 9761 9481 1250 2477 6902 9729 9844 7502 8926 9420 405 1882 7536 8318 1069 9344 3916 3031 8608 4737 9005 743 6817 4390 7228 6623 
14 4171 3190 3530 5782 5725 6839 2765 2850 9879 6608 9565 1554 6372 4483 
20 7203 7811 2115 1504 2315 575 4125 5340 9607 6682 5530 8400 5333 6499 7844 7437 2564 9499 8171 523 
14 5628 1494 1211 9641 3784 8220 952 7746 7009 4989 1921 5258 701 9723 
18 9710 8555 9475 8378 5713 8719 2532 2727 9502 6667 4626 1919 7052 3853 1928 8260 2597 6030 
18 5375 9570 3746 1862 9077 1455 6571 4449 4136 4323 8014 4619 8650 8299 6660 7782 964 9515 
26 2696 9684 1109 4256 9962 8214 4696 7515 5700 4344 9228 1787 361 9674 7299 2295 6126 2666 809 4022 1586 5361 4041 8279 8196 5292 
21 6133 4913 6248 4397 1199 2345 3323 5525 9958 9327 8930 801 8041 7835 7571 4674 9580 2876 5977 5439 9454 
27 9068 2665 4607 1595 4270 7715 3859 4734 8510 5767 8027 6389 8872 5733 9959 2545 3385 9967 8276 8389 9063 2249 3126 3914 9522 4197 2530 
23 4555 1263 6805 578 7078 352 6447 5730 3099 4559 1666 6394 9250 5096 9197 5928 5467 7035 9589 1479 6994 9354 6546 
12 4021 2613 6784 3793 7613 2155 197 5609 7977 6676 7042 8531 
21 7448 2675 1738 2885 1692 8288 2969 9421 5163 624 2546 8886 3889 6027 6697 528 460 8999 2289 5408 7899 
21 6643 159 1441 7729 4099 7334 249 6908 6655 3161 5321 2344 1144 6386 2490 1437 792 2550 7053 8124 6750 
12 7912 9394 6593 178 2048 4070 1238 7751 7390 5044 9013 900 
29 5766 9645 6630 3469 9299 8755 2506 9028 517 5247 9727 1310 7868 5468 6714 3150 5755 3248 8714 9468 1158 6401 5754 7436 1076 840 5817 207 3479 
26 9134 177 2602 9731 3505 7614 724 4821 9810 3139 8692 6131 1068 9348 9904 3096 6954 5641 4620 7469 289 605 9993 5390 1887 9646 
8 9546 896 7118 7988 4924 990 3341 6152 
8 9737 9742 9612 8603 5001 9998 4802 4941 
8 708 3418 4792 4130 5847 5021 4209 9287 
21 6280 156 5910 4594 2 1980 9324 1934 257 723 8975 4380 4702 6899 9596 6317 5150 2697 3064 9387 7049 
13 4593 4966 2924 2667 4528 4934 6311 7951 7888 7496 3335 2922 5490 
18 4713 7558 5861 2386 1220 9701 9823 6824 1041 863 3999 3372 9894 4004 420 3125 7774 1545 
16 1613 629 2415 8266 5527 4014 1061 1225 9294 7087 5119 8884 8269 6294 2273 7537 
23 921 3393 8956 5915 9319 3135 6297 3553 116 8954 3707 4086 2350 6937 9016 6878 4917 7597 8934 9999 4987 9796 4783 
27 3775 5579 8737 6865 3205 7712 5684 3494 2478 1286 1125 6636 5550 3455 1187 1632 9248 344 7517 8974 8076 8195 4968 2604 910 3880 795 
28 6570 6589 2406 4858 5289 9859 4775 5824 7866 3182 1681 5565 3919 1469 4597 3689 2918 9343 9126 132 407 3695 1351 7175 5797 6019 4242 7968 
25 6132 2045 7837 6587 8631 2910 6120 3731 728 883 4881 3438 9758 8887 6938 9332 3526 6995 8251 430 3734 3287 7057 9281 7223 
21 1968 252 4552 6579 7805 8610 1716 9192 7296 3339 5835 4290 8153 4822 2269 631 4752 4728 2683 8280 4241 
19 2578 3669 4147 8186 2652 2938 6134 1907 9073 8390 7806 929 3805 3996 2063 2911 2689 4823 437 
21 3513 5087 3901 8407 6211 5792 5464 9658 7403 8115 9435 1703 2522 1506 2197 6065 301 9891 5718 4292 1823 
10 4034 3785 74 4006 1442 7828 148 8839 5224 6971 
13 2673 3532 8585 2760 8316 3121 4264 4312 3824 8468 2691 5128 2152 
24 9466 7150 5994 6179 2601 5143 5651 7935 9456 8732 654 2416 3822 1567 7485 1362 7983 2219 2389 9201 1901 8238 6534 899 
29 1631 775 4328 1364 6882 8901 6751 5004 9213 1065 9592 600 67 3127 6835 7582 7126 7185 9587 5469 7540 1095 1419 1043 6364 7215 4042 1226 3401 
15 7171 8243 9133 8984 599 4491 2179 365 2722 2089 6043 5704 7871 8553 1020 
10 4664 3675 2412 486 3957 6481 7758 1191 4158 8628 
12 3729 9933 7591 393 2283 1060 2728 9217 4271 9123 9736 3380 
24 3364 1475 9031 5219 7794 8661 1551 232 7982 53 2526 5706 4036 9001 1026 9318 5418 5378 8680 3265 8090 3858 4416 4308 
14 9846 444 2220 7048 1330 1911 7440 6898 2777 7960 968 4486 6130 1140 
16 1422 2107 1799 4642 2901 1598 543 8987 6806 90 693 7620 9588 4933 7439 9803 
14 9561 9272 6672 1779 7843 216 6897 8545 4217 2398 887 4512 4505 2265 
28 1189 2072 2702 2543 7754 8193 7384 8933 2025 283 6777 7331 1265 9275 5231 9261 4562 5276 4676 6343 5820 9567 8451 8707 204 9635 6624 2276 
11 64 7941 8257 8296 4353 7222 6515 5812 7079 6433 3928 
22 2240 8945 9881 1521 5933 6857 9321 6513 2892 5738 7094 416 5164 4963 8558 1398 5683 2349 479 1813 6650 526 
8 7134 8782 1067 2583 2098 5536 3922 1261 
10 7808 9044 8986 2555 1549 185 944 7980 8201 8377 
20 2797 175 659 5709 2359 928 9870 6823 9162 8604 5223 5696 7705 2615 3630 522 5047 6918 9753 9717 
3 5405 9377 5334 
21 7309 147 8869 8506 202 2417 4561 6038 7680 5614 9386 4991 9780 7850 3448 3312 3559 797 70 925 8261 
11 2360 5014 6677 4981 7361 9085 7090 4232 2793 6692 5067 
20 7555 2164 4068 8150 6833 5529 9029 3061 6320 7970 5216 6449 6440 7589 466 5122 2592 1472 8861 9507 
13 876 9896 310 4367 9339 5869 9168 642 3987 1927 5894 421 3313 
23 553 4113 130 6848 2374 2151 8431 6859 333 7945 3018 1916 1337 6428 4456 6500 4061 7833 5726 192 6193 5637 2337 
16 8694 711 9950 7370 8373 1539 2341 1819 3 877 1017 5633 9762 4771 1167 7522 
23 7457 8075 7508 3584 1791 6085 6708 6326 4805 6308 9403 4373 8125 8935 9373 5270 1467 9399 8130 4252 6233 9711 7283 
16 9975 5995 2972 4206 8103 6605 6165 6982 1275 4549 2154 5904 9946 7550 785 2951 
11 9249 8776 4146 2022 7821 7056 3235 1730 1205 1951 4005 
12 9952 2095 4838 3056 3464 9552 3835 8712 1141 6434 9747 5855 
7 8996 6197 5976 9292 6970 3673 7581 
10 6657 1299 7894 2125 3748 2268 4852 6483 7549 773 
14 1412 3203 1589 5907 7407 6722 3691 6920 5139 2634 5959 449 7015 7204 
21 6188 3133 949 1271 8033 1924 5380 4845 6707 2340 974 6129 3548 9984 3179 6088 6354 4723 8744 7625 2203 
12 6476 934 4907 8062 5256 463 8620 9826 6583 3113 6060 8439 
6 5809 8239 8830 2756 8532 1555 
10 1101 462 7873 9992 9687 1922 5762 2096 5293 1359 
18 9424 2121 355 4111 6253 678 3593 6102 4608 8845 3890 5505 176 9775 9198 2148 1055 3588 
18 6098 2467 1752 384 2204 6309 9500 1164 6936 6217 5395 4726 1462 7565 8327 3128 8350 4466 
18 1620 7829 7764 2846 1338 7415 4085 924 3123 8334 3501 889 4322 7107 1434 6259 3283 1284 
10 3930 6333 8072 4843 6699 8492 8060 3437 3827 545 
25 458 8664 5879 1392 3454 6743 3847 7999 4985 8828 63 8117 8241 8045 6797 1782 2446 2336 8205 8658 7660 598 1909 6766 5370 
22 8686 9264 6915 3157 9968 3772 3672 1394 3216 1538 5898 2058 5893 6812 3131 6844 7201 6933 926 6631 8057 5244 
10 1257 3421 2907 5632 4159 7506 6665 3041 9334 851 
21 6121 5009 4293 1679 9474 4426 9547 1165 1965 6510 8922 9978 7979 4151 5346 7431 5354 9210 2964 3619 5368 
13 1302 2515 4824 7148 3547 9994 4407 7101 7007 9416 7914 4529 3088 
26 4969 7564 193 6885 484 4096 6488 4394 3874 4093 9175 78 5278 4382 4190 6497 9730 3195 7765 287 2120 6621 3388 9827 2353 4596 
21 7143 2366 8212 9270 1075 7286 5981 7879 7155 5722 5993 8829 5420 2569 7969 5286 4808 8411 3591 8535 1003 
17 3735 1433 8413 4569 3404 2712 7330 2381 6640 9883 8387 5845 9608 794 7617 2200 3402 
1 5903 
24 4247 1912 7931 8814 8551 3661 6821 7520 9683 8252 2420 2232 2483 593 8537 1397 4769 7720 4010 966 3520 6931 383 2794 
3 5441 2625 3382 
22 4895 3044 4772 3625 3328 2205 3963 9709 6509 4572 7838 1608 2725 8919 3766 3180 9494 3715 7311 2441 6613 2839 
23 3146 1930 8659 5472 272 1072 3738 6225 9899 496 6117 7033 3920 8386 1149 1234 7074 4927 1161 2312 3417 8666 5547 
10 5967 6562 7164 5117 9821 9233 9863 5336 9460 4949 
23 7569 8023 8502 8826 4224 6406 4590 385 2062 8270 1578 7265 7233 3581 1957 1380 2339 6598 705 937 9714 9146 392 
8 5465 4249 2710 7285 7543 972 7047 4325 
19 6582 4314 2332 527 7363 173 6149 6556 3212 7656 9258 7675 7756 4298 3671 2822 4563 9937 2172 
12 1785 5081 5589 4230 9590 4896 8036 9014 5814 9977 5666 805 
4 1376 6016 9831 3172 
20 3694 7259 8268 1145 5801 5747 7547 5680 1162 1099 9777 9437 1732 8096 4142 8923 3656 343 1091 3110 
21 7234 4302 857 4515 1875 9722 3159 9155 2242 9788 9122 4765 9491 191 2310 2331 7183 756 8078 9878 9476 
21 6161 1393 8225 2241 2319 9939 7588 5136 5496 7340 7084 5331 9051 4672 5022 9427 13 1377 5125 5606 749 
24 6930 9370 3278 7610 1876 7237 6025 6167 4632 1761 1596 7752 7893 6318 6947 5509 2877 3327 5978 8265 9786 1939 6458 3781 
19 8820 9838 1800 6678 7125 2084 2254 7388 2466 8107 6287 8859 8756 316 4735 4446 5280 3612 6395 
18 138 8562 6067 4499 2633 4698 9337 5154 3027 6841 7961 2723 1124 7240 6496 1427 3887 7689 
20 7724 342 2191 8143 1597 9111 4521 2580 71 470 5673 1231 3063 7748 8043 5499 6789 3218 770 2138 
17 9238 9167 9593 7807 3072 5600 3374 1814 3519 6408 7038 7932 2594 1301 6371 2411 158 
4 7207 3314 76 1159 
13 1282 6769 4711 4851 2299 9718 4389 8469 5488 9315 2524 3943 5478 
20 9526 5998 6178 5635 7791 6816 9774 3395 8697 2462 7578 7875 3268 3658 804 8777 3252 1473 7925 5473 
21 5064 2989 4690 9023 5559 7217 7802 2960 4539 8003 9244 4571 8032 6988 2499 8482 5264 3500 8797 7714 38 
20 799 9219 1756 2715 5520 1033 9389 9943 5327 8754 404 2980 7029 5749 1350 6073 1137 2103 1247 5259 
6 3394 7830 2935 8917 8284 7061 
17 6393 7392 8326 1371 7414 8471 2517 8841 347 1036 4668 7973 9058 1295 906 1570 2840 
22 8801 4072 8963 133 2947 8432 7021 3674 7132 591 2471 6846 7832 5546 8281 3898 5956 5542 690 8122 6439 5672 
1 4796 
