21 2735 1335 6663 4143 6916 6228 5868 1866 741 6658 7114 2718 5284 3242 6153 7992 5057 611 4490 7953 6487 
30 6689 6466 3549 8962 7109 8274 9180 4643 715 1407 1248 6163 6932 3811 9611 6764 7788 7651 3570 5427 1395 8966 6104 2933 3198 995 5138 5545 6505 3984 
29 3090 7429 7499 5716 7401 622 4214 1066 1273 271 4693 3170 1803 7483 1885 7449 2903 5850 5951 9342 8972 8900 3492 6968 2361 1662 587 1809 6191 
11 1209 7928 4307 6381 9563 7028 9052 2784 3608 5352 7773 
22 5018 8878 580 7846 9190 5006 823 6475 6662 2314 2368 3086 2088 2394 7566 9793 4434 9129 3523 913 8808 2628 
18 9313 2356 4637 2559 585 5424 2313 7455 1353 9670 864 1651 1421 8088 8397 7304 4817 8046 
16 2519 7957 474 4842 1560 7329 8728 4546 6558 318 313 3936 7813 9921 4614 8684 
15 549 6541 1724 7862 3119 6669 7014 4406 5042 7849 3290 7351 2875 5372 6686 
22 4525 8773 7940 6352 1967 9043 1501 1448 614 7396 6431 1011 312 3244 3609 1824 7744 7261 9756 1064 2704 1619 
19 5934 4618 8758 3430 7709 1530 7226 7019 4656 7103 6580 1686 5156 5511 3116 9754 9919 3234 6610 
19 4679 1949 3565 1693 9353 9246 709 2076 6426 3865 847 3507 2693 1435 4961 9911 8634 1445 5573 
36 88 5497 187 6198 4058 7929 6199 7140 6493 8406 6849 5034 113 1838 7379 4965 4714 1531 4343 4357 4009 6674 2279 7385 1780 4582 94 5936 1926 2372 5736 1322 4983 5883 1680 4095 
25 2465 3307 2135 5769 6039 7926 8228 2808 2438 683 9408 2495 434 6146 613 9798 8132 5897 3681 4473 9850 1404 1576 2457 2253 
34 519 1776 8950 8489 5304 567 2917 2695 9402 7471 3294 9951 3249 2904 3029 7282 8189 607 3215 7043 1561 6251 7653 5416 9524 2825 1936 31 2007 3185 4760 6944 2318 1653 
25 4309 9325 7965 2432 9679 8520 8086 8459 7398 3067 961 6418 3368 6454 4016 6425 1735 364 9750 1262 3792 3884 707 4023 4865 
7 5970 672 6031 7097 1817 4476 2563 
20 4839 6277 1543 677 6695 3743 606 3607 8204 489 7108 7113 4853 2541 8753 5410 3665 8818 7335 3237 
30 5324 713 2986 7799 6724 2944 9636 493 4815 2320 2061 6480 8237 4930 5582 7718 6733 8498 1342 5326 559 7836 1726 1292 9271 6943 6365 265 1718 3274 
22 719 1977 6956 2635 2738 7643 5619 9130 2769 3305 4211 541 1218 2923 5804 2732 5832 2851 6520 556 2070 9451 
15 423 4008 2720 1135 9231 2654 8051 4454 6267 6773 1877 54 2998 2298 8907 
31 5335 8175 5445 2247 3555 9291 2316 3276 7993 6740 5377 3193 6793 2109 3352 8909 6306 8961 4581 2705 281 2650 8242 7473 1990 1035 1375 7136 3115 9865 7834 
28 4758 3817 2576 2941 5299 3371 4687 1113 3168 4635 4387 1013 166 7840 7665 1365 9132 7883 9799 1246 1706 5661 3745 4484 6934 5339 8980 7906 
23 3580 8102 3655 8731 6877 1489 9267 9890 6786 3138 8637 8715 3291 1416 2966 2534 2046 299 8790 1258 3730 994 7649 
24 6252 984 3697 9556 326 8224 8486 4123 3315 3829 3613 6429 5233 3678 5925 7734 9221 4408 5989 3447 8156 2257 1082 7450 
22 1867 9675 8395 920 4742 6780 157 9207 7889 5237 6952 3575 2975 4056 4428 6327 7347 2486 3809 3310 5629 9196 
10 6822 7070 8840 8420 5649 3475 1860 5457 1048 1339 
8 1178 1111 9604 4958 9487 9920 5885 6544 
17 3055 8477 9121 1411 8905 3186 7022 5916 123 1760 149 9266 1974 9088 3637 9726 4239 
12 8890 9579 4898 4504 4067 8501 6489 9398 2795 1659 5555 5037 
34 6002 4855 4059 5300 9550 3468 8324 596 1369 4327 8030 6446 2118 9874 5039 6000 8624 4400 2719 5552 4299 3980 8360 426 5482 5607 4118 4492 3703 1720 3762 5524 5493 9404 
15 8292 9449 2031 7435 2036 1352 5779 7466 4937 881 947 7195 7262 2990 6591 
41 7475 5086 1315 268 9084 6654 2774 8736 7088 7561 5971 1010 9485 5690 6159 4497 6741 5394 5650 2498 5031 255 4433 3801 6830 9603 2066 1708 6651 6592 7803 5459 2671 7509 7409 3140 6917 5190 5438 6693 3931 
19 5235 3988 5341 3692 6815 9733 8559 3471 9852 726 4071 1524 9633 5054 9345 9845 3770 2324 1880 
39 9409 2883 7956 117 5161 8509 3025 9685 6656 9820 2942 4537 6473 8823 3512 3149 8796 1587 2640 2771 817 4749 8536 4828 1834 4371 6235 3145 1670 345 6542 2059 60 3700 6070 1495 4600 4542 5456 
25 2920 2015 211 5426 2388 5875 5514 601 5373 4032 3962 9428 1959 262 573 2945 953 2149 7785 5595 5010 7878 8137 7393 5790 
36 4094 1097 5860 273 769 3167 8564 6044 789 7314 1640 8902 951 4384 3354 9089 2745 4787 8440 5556 714 3231 2274 7082 3684 4612 7897 2097 2655 8240 2879 2002 5784 5454 79 1086 
18 3629 1305 8670 3767 7003 8248 6050 5030 644 3019 1906 1643 9568 6177 2868 7603 4192 5127 
30 9752 3869 311 5954 3451 7342 9981 3663 8546 6363 3977 4997 3878 806 3670 6588 781 5135 1329 8579 1611 8441 1249 2035 5274 3026 7416 1892 4315 5538 
28 6670 29 3444 700 7064 4346 6783 9020 3546 9003 3855 1105 3338 894 7966 738 1183 4950 9708 8467 9849 3206 1935 221 7202 7996 5836 4978 
41 1757 7952 3030 6767 6901 6900 7186 8739 109 6420 4003 7434 1843 4882 5698 1655 3403 9357 8026 8574 8419 6728 6436 4634 3981 4942 1886 7735 9822 4152 4265 4680 9746 2830 9193 4813 7144 2698 8221 6761 1452 
19 5440 6961 8675 4601 3321 3774 5570 2844 8427 9443 858 3106 7290 648 6242 8311 4277 6997 3871 
31 9514 222 2571 2008 4788 1227 658 9864 208 4101 7512 8617 767 7490 3098 6103 7352 733 6940 7006 6528 9739 6075 264 4174 6635 1092 4425 5077 1805 5688 
27 563 8973 560 4481 2187 6357 782 6283 8416 6905 4119 3155 5919 9509 2494 3423 8381 4448 5266 1044 2080 49 859 1244 4732 302 8654 
14 7657 4494 4894 7227 7671 8810 6230 323 7264 4501 6606 6715 7489 1293 
45 8708 4435 9619 9626 8698 9698 3564 9305 7141 2788 7864 457 9503 6450 8713 7574 141 640 1913 4150 9322 7205 1255 9949 1289 7354 6709 8738 6443 4110 3485 7447 2367 5917 2631 5630 6691 1798 4531 366 7985 234 9555 3664 9309 
30 9847 9283 9581 2327 3457 6843 666 2184 9018 1443 2335 3079 1982 670 9039 8366 8525 1171 4459 2139 8140 6759 6448 108 6158 8908 562 4568 2786 3107 
13 9913 502 846 1634 267 2831 5267 3439 3760 6644 2030 9606 2853 
8 9976 3654 5858 6609 23 4700 2658 1254 
15 4078 8342 7716 3246 7590 6632 5144 9203 5987 2175 1056 630 6545 4332 231 
37 8310 9888 1005 9979 957 5693 5027 1323 3176 6263 5425 8426 4493 8421 4398 989 2898 7679 1325 40 3992 5908 1541 3081 3504 171 9308 9174 4707 5512 5109 5494 2764 9119 321 181 3517 
35 303 7040 8703 4495 8179 1414 7687 3333 2748 5049 8254 1588 8029 9199 8338 507 7691 1081 1937 9872 518 6036 2308 2343 124 2496 748 4633 8515 2301 5204 1400 6124 5179 1277 
25 1138 7399 3281 7911 4536 1438 2838 4583 8277 873 3292 5532 4092 7411 454 5984 7089 2440 8837 5949 2593 9099 7100 1881 1547 
13 7013 8345 85 9381 6274 7921 3272 9624 3728 1849 4339 5953 2090 
30 9707 9216 6649 9187 19 8587 1512 6913 9109 5491 7682 7636 1859 9177 8560 1098 7267 524 1682 5763 8064 7139 1606 331 1788 4272 6335 8888 5563 1107 
10 7861 372 3103 2912 3253 1888 9935 2278 2736 7376 
27 5192 7913 5359 849 6927 3531 2333 6279 9980 7770 3754 4566 112 3351 7498 4082 3187 3330 9875 4518 866 1645 9955 6895 7789 998 2243 
23 7463 3578 5679 5913 8981 2192 4584 6416 7012 2085 6948 2636 6791 6790 4176 4513 7348 1661 4284 7295 5130 1801 7696 
3 3696 5815 476 
20 4377 8518 734 4948 3311 4648 3409 7637 5535 5818 3579 3602 529 7737 8209 5400 6155 4074 774 8253 
12 6412 1040 7468 712 6464 5095 7402 3819 9759 525 4269 1758 
35 2949 4379 1993 1269 1773 409 5626 1792 8989 6647 9702 9105 2468 3163 2144 7099 5986 6264 2186 5677 6315 7371 7545 7083 1490 2475 9446 6461 9390 5364 759 5944 9176 5874 4185 
18 3442 6831 2020 7640 554 4066 6485 7711 1192 8394 4517 5544 1878 9794 2258 9488 7192 2814 
15 6403 5756 5678 6380 9628 2075 3773 7812 777 9062 5810 2561 641 5597 1288 
12 3156 7119 7293 5902 5387 8262 5245 8786 7810 4720 9680 3202 
4 2384 7194 7672 4301 
19 9393 24 3693 7020 7346 5250 7065 5317 3635 243 3503 5013 8781 9257 8048 1654 3959 4203 2586 
27 1515 8640 4098 9523 3667 6139 8965 9392 3331 105 8067 4106 829 9222 7723 5349 7538 4237 9076 1172 7814 1898 7315 8363 8222 4393 9290 
33 1992 297 5402 9411 2603 5881 7198 2512 2915 206 513 6634 977 1835 2857 1564 9574 3789 5608 4351 152 6726 8245 446 7480 2223 7378 4540 3224 5294 8163 5760 5078 
9 6807 84 61 9901 3049 3358 8231 8969 6960 
14 375 6160 5343 3005 6607 9011 2511 306 4811 9115 4350 1360 7606 431 
23 8329 5598 1664 1194 6189 2589 2605 9477 1685 7847 7197 7562 7081 6238 7359 652 9059 9438 7221 163 8891 1542 3035 
33 9140 5381 2429 6965 4090 3640 1625 1605 4781 6168 6053 8614 4940 1324 35 5662 7762 3597 6181 5864 5419 8050 3247 2400 1946 673 2849 5002 5131 4925 3028 1327 3153 
29 6706 445 1833 1815 1447 3826 739 1874 2209 3370 2246 6581 7510 7817 5019 7886 4403 2909 8349 9618 3387 9616 8802 8602 7054 4364 3711 8332 4886 
36 5717 7318 3239 3245 8458 2507 8323 7546 7572 8848 9182 4880 6601 4170 7787 3462 7211 716 544 8504 74 3277 6386 8288 217 8097 7280 2485 2226 4900 2836 9371 6112 8526 5618 6690 
16 768 9090 7319 6529 8915 9654 315 2711 7690 4593 3802 4376 1580 9297 993 7110 
21 2869 4829 5382 2649 8598 8291 1854 9021 1548 4576 6022 5549 9719 2579 7338 4116 4909 9781 9448 5988 632 
18 6115 55 1978 3647 5384 2189 2328 6142 6388 2202 8197 4766 7989 579 2816 4218 8625 8301 
27 568 6633 6456 7891 7373 4233 950 1879 8791 6985 1676 8160 4278 1121 2916 495 9489 4773 2024 4943 3399 2823 8082 5325 9650 8267 3586 
15 5406 1563 3325 6818 3906 8111 2533 6086 8340 3926 4926 5731 1731 7527 4951 
13 1528 610 2828 6502 8787 8302 7210 8967 3536 5687 2145 1615 1950 
6 583 8184 2128 4347 7316 6190 
7 6321 1 9884 1463 7542 8422 8572 
26 7877 5222 6269 3410 4260 8435 874 8020 4194 9128 7710 1777 2673 2230 1062 636 938 490 4055 7389 6240 7626 7072 4974 2099 7713 
19 6424 6912 2132 1179 3062 2557 3940 509 3293 5094 6511 6397 6432 9413 4812 4757 5599 3856 5707 
11 8578 2480 9341 6567 6548 3300 2552 7842 2978 9181 5979 
31 7229 7188 4475 6150 1908 417 9046 4953 5214 9947 2927 9065 66 4677 2122 618 5268 2086 6727 3074 6270 453 4831 7408 3864 9600 4922 3240 5753 7044 9599 
2 2418 7678 
17 4586 1332 3008 2714 8783 2401 8425 9805 4661 9602 3680 4405 245 81 5914 129 5071 
3 4644 3539 6349 
29 6694 9405 8484 1609 3236 6110 3147 5008 8601 8855 2856 1743 5701 8833 8665 2043 7425 9662 6661 3484 5401 5257 2307 3132 7918 4641 4691 955 8648 
11 219 2176 5475 9212 2968 3243 4000 8998 9601 7105 2544 
13 8271 6794 1883 9347 1384 696 1973 5155 5062 7098 9163 9863 7909 
12 6361 2531 477 5727 4706 2791 9768 842 9452 7948 9569 1823 
17 1794 8213 1784 8932 1630 4437 9544 5654 5369 5554 7927 498 2881 1453 9429 7256 2053 
35 394 9166 1170 3596 9985 8464 7174 6924 3601 5808 6825 933 3685 9837 4470 8687 6043 1331 21 2065 3171 4856 7332 2863 7593 7669 8282 667 2905 4697 3383 8375 5068 5408 3069 
15 2296 3197 5991 6154 5927 2562 4222 4402 8234 6614 1744 7955 2287 869 5592 
9 3708 3750 3124 7532 397 6996 5910 6444 4471 
10 8227 1582 7981 304 9145 401 6911 1614 5587 1868 
23 4877 7320 9996 8449 2641 7975 8573 1674 8521 697 210 8285 9282 9483 362 2488 8226 4729 7281 6011 20 3128 2746 
27 3527 5227 5358 1734 5990 2681 4352 2330 1203 3428 3433 7904 5627 1237 1740 7727 3392 9332 3526 9124 7423 7051 6881 4079 4678 7964 5125 
20 4873 2297 6910 8918 6856 592 5350 7497 576 1270 103 4751 1157 6986 5659 226 6358 3184 5828 3286 
16 8149 6135 7325 932 9279 1851 6847 9169 8712 4188 8626 3978 9323 6872 9439 8178 
17 8630 1492 9406 5393 2293 7779 8493 8807 7907 5101 6951 4870 9170 8513 153 2229 6018 
31 5218 2424 1637 3990 3849 5856 482 3148 5955 4575 8128 3732 7580 8774 9666 9964 5158 6907 8348 589 4847 2832 8828 2201 1712 7170 5960 5048 7673 73 3941 
23 1228 1406 1852 6457 5213 6404 9137 2123 2425 2212 7291 9040 8780 1484 5974 8942 4215 4785 6775 8552 3576 4108 4795 
32 3918 1372 3651 2422 7129 9463 4255 6851 6989 1106 9457 4163 8644 6218 4629 3905 7016 9009 9957 4524 3902 1124 5128 3427 3059 4928 2936 7688 8430 5460 9472 1507 
22 4984 2536 3951 9473 7357 8158 8410 7934 95 3047 1386 1272 2937 8506 5695 6593 7924 8428 1603 7809 5272 6889 
40 5615 2233 945 7585 2026 9640 6340 8187 2482 9262 2967 617 2754 867 5045 8494 3038 4550 1291 7216 803 9697 8318 5428 7642 1116 3273 9535 5930 5319 7863 8216 5676 8337 391 840 6246 6492 6918 2508 
28 190 7156 6884 6200 7196 6630 8079 4944 2505 9012 659 9482 9225 1762 5099 3568 7547 2733 4234 6886 9125 809 7239 1594 2689 8364 7586 9765 
34 3540 7553 5487 3317 8021 448 3830 146 9819 2250 2518 4990 7874 120 4491 2048 1012 6681 4764 8755 600 9366 8592 8944 2965 1704 2188 8006 5248 1905 2427 792 7969 5286 
27 6745 1245 1601 5234 3165 720 2011 4558 4686 7610 1876 3946 7627 4746 959 7923 9639 2194 3832 4457 1552 441 5024 8336 8838 4374 9532 
24 2166 4959 699 902 4223 4349 4794 8346 209 7152 6360 3947 649 2776 8988 2037 2565 3470 1235 8110 1516 2535 4252 820 
14 7612 7287 7180 4885 2742 1689 802 439 2928 1186 1797 7456 6377 5891 
26 8557 2079 3208 6752 4208 5746 248 4703 5686 4836 7882 1509 5764 582 388 4144 2443 4333 3917 201 8341 7476 6193 1663 5647 2271 
27 9649 2357 6304 530 4848 4225 9562 4410 5500 7686 3414 4035 2077 8772 2639 1193 6757 4213 395 11 2513 8164 4906 5674 2236 905 8047 
25 8290 2147 9104 7465 7442 965 8795 5182 2523 8785 2817 4871 2180 1922 6684 681 7024 1575 2880 3713 8674 9396 9227 390 131 
26 8024 9974 4414 4467 7534 4415 5621 3968 628 6732 9597 1782 2446 6878 8577 9086 8036 7526 9157 571 9885 7708 7681 9721 8120 1658 
6 3257 9459 5813 3359 3771 3688 
23 8711 9232 4939 816 8597 1840 256 5389 7397 1786 815 7500 595 6214 4438 1374 6322 7946 9971 5046 9354 9931 4841 
20 6123 5743 1100 1984 7428 6004 9251 9732 2567 9358 5203 6092 1336 9966 8716 416 7771 5230 6919 3781 
24 6329 1024 3329 3891 1002 6460 3915 8554 1154 3404 8027 7753 1836 6568 6180 5056 4498 5429 3048 6627 7126 6229 6995 4399 
32 5948 8376 5510 328 5996 8447 3490 7792 4020 5602 2999 292 7386 3036 7729 4099 3278 4154 9075 2213 5092 6495 2047 8860 3039 6187 9331 1736 3911 5918 1356 9097 
23 2538 9191 9274 2963 6003 212 4291 128 1667 9832 5422 5170 3759 6836 2661 2799 1872 5829 1681 6512 7972 4337 9178 
9 7230 3459 4084 854 1399 6521 8461 9277 4779 
20 8055 7704 6068 2520 9412 8198 5710 1054 8059 9743 7668 3795 2119 8303 1623 8008 8454 4719 7002 8925 
19 3758 7224 825 7870 5732 3191 9769 7246 5014 9612 2338 9804 5658 9361 1461 7178 369 2325 6753 
16 5113 6747 5332 2439 4029 6619 3285 8638 9783 6081 6880 8469 7623 9312 1007 1022 
33 627 1090 5721 3833 6034 4064 3818 8629 1260 4867 1474 880 2537 433 9074 8109 4912 1166 286 4251 8778 8060 8322 5081 727 8570 5463 9533 8199 5714 1540 144 1136 
25 1593 2899 892 8073 6058 9071 4666 4872 4202 4819 2977 8548 5862 4335 5374 5298 3158 8846 361 9525 7053 8124 9069 1579 2677 
29 7116 6735 2198 442 6208 39 8413 3691 2156 3319 3487 3717 8136 4456 6488 8646 6820 5175 4073 5153 4514 7023 3971 4178 7752 9120 1462 6355 6314 
34 8586 3104 8040 4910 1628 1460 2352 3066 64 2781 3493 9871 9385 1004 8007 2882 7798 4902 9498 7313 5805 4526 7805 9688 9895 2672 1694 8162 6534 7974 7368 4755 8612 2130 
6 4511 6455 4112 9927 5653 5857 
20 2006 2143 368 6378 2684 8284 8335 8202 8971 973 1091 6496 2725 1952 7781 4731 307 1446 2492 3631 
30 2436 3196 1697 6409 3114 3050 2497 9738 5540 3657 9652 4221 2397 4198 5120 1770 7872 2137 3896 6227 7288 2860 7056 3235 5051 8369 3780 8488 2032 9770 
11 8699 3572 1635 8104 5480 9997 9745 5461 731 59 4488 
16 7575 8819 2365 6860 2434 3189 2334 4908 4721 4257 1408 6334 3642 669 1961 9215 
20 5572 8370 9559 2426 1994 839 2470 2642 3938 481 9272 2216 7920 2835 9758 7856 5219 7990 722 6675 
15 7104 7677 9627 3129 3603 9954 788 4631 6700 3002 12 1764 165 7123 7611 
27 400 9965 1995 9543 1729 6503 3263 3477 7248 47 1252 612 5844 1468 8593 6129 134 3194 3056 2027 2096 2592 4216 764 2038 3836 3110 
20 7451 5744 3461 8462 6804 565 9030 1326 4024 5576 6962 9492 5699 9186 101 3349 5423 5348 2196 623 
30 3384 8792 2382 4826 1201 6305 3199 608 1168 2164 7145 353 2796 6772 9298 547 543 4076 1790 9230 4915 941 2582 9648 8569 4191 2134 8865 2170 8499 
12 3160 9087 5517 6192 5983 6285 3322 9782 9389 6291 2818 818 
14 8566 1363 277 7312 8093 8835 4673 7209 6615 1537 6703 1716 6344 1855 
13 5112 4200 7804 7854 8946 4363 7917 5977 5439 9454 3275 4348 1080 
10 2106 499 6066 3213 7474 261 8669 235 4892 6090 
28 9851 9401 9813 3024 41 3108 3910 7323 1527 2060 5495 6313 4050 6261 1143 8108 7076 3927 5788 5741 8633 1698 1205 1951 6423 2449 8879 7487 
27 5060 9691 2957 6206 3334 2787 9705 9546 6498 6749 2600 7576 2525 6719 9226 4356 8126 6838 4879 8571 6384 925 9918 8443 8527 7851 7795 
32 9595 6164 1869 1240 9586 428 7191 643 1104 890 7120 9729 4776 5329 2033 9103 1383 7939 3594 2749 9491 8476 4738 6933 1144 1379 5657 4197 9004 2878 5293 8594 
28 9306 6875 9255 2690 1430 8991 3839 7638 3169 3752 865 1513 2760 4768 7247 1818 8235 534 3744 9007 9660 8704 7001 9876 2623 664 5244 2185 
13 3424 4935 9495 6245 4011 5531 3412 3533 868 5414 4308 5331 7219 
26 8979 7768 7631 730 5351 4502 168 9538 645 6966 9761 3993 8062 3666 2417 1117 7633 5133 1182 9659 5353 8689 3545 9643 7439 9803 
34 4455 9320 8328 4624 5920 3022 1223 3885 3542 6705 4164 2355 1142 9527 5310 3127 1746 97 895 1591 5103 5249 5577 2003 9667 2490 6731 3280 6664 1242 9703 747 888 4338 
11 1251 7117 1208 174 2583 2371 5834 7437 2564 1510 9334 
7 1778 6904 5041 1882 2269 558 2620 
24 3976 8892 4088 7102 2741 4613 9144 5303 4664 2260 9815 127 6597 4824 8748 3894 6734 3499 6140 3137 1458 9534 5961 5478 
10 5466 5089 3786 5189 3396 2305 7683 1647 3537 2660 
16 6239 2074 6128 1955 3866 8747 3083 164 374 6247 2291 9972 4636 8244 1163 5513 
12 661 2455 4863 5347 2112 9833 6173 8864 7513 8843 1175 3341 
20 8978 6756 1206 8815 5603 4682 8475 694 5102 8565 8172 8068 7419 229 8825 9690 8168 1732 7733 3857 
18 8203 2657 8157 5748 5771 3779 9830 5507 5816 3746 9101 4297 3895 2034 3847 7999 3689 3491 
35 4184 6410 5295 8868 8309 4485 1491 7837 7245 4638 3851 531 8058 121 6563 5941 9889 2057 7062 7743 4165 4688 9440 1487 7559 9502 1152 2493 2069 3162 9259 5474 4298 7441 757 
15 1030 7406 3510 6338 3614 7071 5534 139 5590 4598 4075 9049 1085 2953 5775 
17 5890 5636 2717 2110 6272 6437 9634 3948 9441 9963 1956 2376 6079 4509 4091 616 7 
32 200 2566 8588 9806 6538 832 3615 8298 7337 1348 3220 4472 4964 2740 1029 9941 4762 2396 9762 7339 500 5097 1622 2894 5157 7530 3014 1185 8100 9854 3863 1247 
16 3989 1267 7867 1503 9631 9252 8478 9034 3634 4963 4077 1333 7382 5011 1173 5819 
16 4833 2626 4630 2780 5712 7355 25 7063 1566 9250 7591 393 2283 4753 26 1131 
6 9316 4421 3105 2573 3848 8558 
12 4196 5887 8784 4869 9681 6842 6638 4639 7662 2288 7519 638 
18 8832 3017 1233 9926 6316 8530 8575 9419 3381 9471 7706 538 1274 9840 6595 2227 4354 6828 
17 9469 1313 1830 6879 7153 6174 9399 340 5791 3995 6577 3312 3559 797 70 4041 3897 
20 3362 5417 7750 808 5168 9880 6829 6891 9725 3357 9218 4864 4946 7095 9148 4341 7154 443 6869 4695 
27 3092 3821 4228 4658 6645 3904 2323 2393 3710 3425 6089 8307 5999 4893 5180 215 2148 1727 703 6469 8491 6774 3308 7639 1028 1476 4321 
30 6307 6202 199 1550 1518 4659 7554 6942 6523 2453 3465 2984 8857 1668 4503 8304 8741 4565 9032 2197 4674 6796 7721 5412 8913 522 5047 5499 3279 6273 
30 4109 5025 4665 3411 5757 3921 3966 435 9751 5124 8595 8368 2607 987 9541 698 6006 3344 4263 205 1036 7302 5671 6524 3440 9243 6586 9010 6295 807 
25 3068 3557 2896 7208 6584 4137 415 2809 8182 3077 5704 8524 7898 4419 1071 6091 6233 8904 6631 5418 3702 4303 9764 6390 5150 
22 6296 1177 7372 419 9116 4602 3875 5562 8077 3823 8841 3472 4745 1763 6717 418 6958 2421 5697 2169 44 5407 
28 7648 4980 9045 1500 7000 8940 3181 2900 8945 5777 330 8551 2613 9734 3150 4043 7187 684 6249 1793 1021 1234 787 9993 3914 9522 9024 8280 
26 3188 3991 8207 4028 100 135 5656 8367 1436 382 6762 8990 2955 8906 8721 4936 7910 8895 6108 322 7073 4275 1931 2322 170 2252 
29 1970 2261 3420 4807 7759 5228 6186 2270 7278 9844 5176 1239 7830 6223 5872 8400 2841 4800 1904 6325 6226 3407 6049 2908 1938 6955 298 1093 2540 
25 2782 6536 266 6398 6125 8035 2304 5452 5708 8550 8827 8705 4121 305 9516 7299 5778 2595 7583 7624 4005 4998 5202 7138 1015 
34 150 2973 6711 7666 3554 69 922 1627 1721 8273 5799 2790 6925 9706 7462 8539 9821 2570 6975 7726 5747 4692 7797 63 7822 9056 5759 705 1812 8174 2617 2251 8959 4305 
24 2539 4830 5593 1480 8645 4709 350 8014 4619 6813 4340 9518 8668 653 9142 2222 8015 7214 5643 2210 9168 8613 7978 2615 
32 6765 4207 8856 6903 9712 4615 244 4195 5021 4209 9300 3443 8105 7587 3449 8511 1960 1450 214 2004 9017 2753 2872 5625 3660 6535 2182 1526 8497 3837 6260 9637 
19 9078 5205 6718 4048 7630 2596 6622 7130 4486 6130 4114 4122 548 4189 7845 4261 5616 2873 8861 
15 5307 9100 6652 7745 4541 4623 6041 4453 4628 3258 5692 5715 1027 1087 1204 
29 3541 1276 3632 9944 6526 5036 6809 9364 5012 9370 7334 249 1519 4970 5878 3509 8749 3000 4971 2527 4193 8393 7084 7349 3441 2487 2926 7011 3626 
17 332 6012 6729 4786 9763 9843 3876 1366 3434 5470 690 9811 9668 1226 5476 6271 5275 
32 9869 8434 2167 9286 1863 2954 6197 9171 272 7697 7361 9001 8656 508 3776 1388 6231 4505 5594 3624 8655 5119 294 4460 2692 7540 3254 1696 8777 8885 2521 4783 
14 4717 7149 515 8992 412 9665 8839 914 9592 2588 3020 4390 3887 4310 
13 4507 9925 6980 8822 6720 8533 804 9664 2469 4242 8327 3945 7601 
20 5282 6220 7172 9549 102 2551 1529 17 6289 1678 1083 5750 9173 5355 6136 6278 2337 6 1020 7855 
30 5541 615 1508 3453 9118 8037 8951 2140 2235 7573 3765 907 7843 3970 1598 6083 8933 2025 283 3296 1236 5681 2218 834 246 9301 2502 3965 4554 2208 
18 3426 9575 7236 7085 4587 9138 5437 8500 8800 3854 3967 7096 9077 4219 5929 9724 7680 8330 
16 8382 9382 511 856 5892 6222 4532 3974 833 7275 6319 2155 4590 334 6555 3367 
4 4080 9613 284 2591 
29 7249 7446 3566 8682 8876 3636 348 9836 9537 1679 9474 9593 3997 2861 7949 6171 3844 9594 2621 528 2699 5276 8887 6065 5098 7395 82 5432 8540 
22 4761 7557 6984 7193 6255 886 1355 3102 6346 2404 9882 2051 9234 3757 8159 4992 9748 8317 6999 917 30 9530 
24 1804 6430 6293 9897 8403 3799 1523 3952 819 793 3592 6001 9351 5 2350 6937 5421 189 9986 7954 5798 603 8463 6300 
9 1221 533 8219 2686 8306 6441 8893 6339 1958 
18 8351 7086 4973 4705 1553 9928 2852 4031 3082 2290 3007 3070 3295 4477 5083 275 9379 2430 
18 9744 9557 2000 1755 7535 1338 5702 7383 3955 6347 1417 8347 6612 1096 1940 1479 4181 8726 
27 5017 1986 5888 2181 5711 4441 5279 8766 4645 1320 4947 2713 3846 2837 9460 8829 8201 413 2347 9147 4996 3094 3456 9661 2618 9391 7615 
18 7430 718 3398 780 2385 1511 3326 5050 1282 2997 4317 4052 3488 9614 2862 9558 2794 2408 
38 5285 956 4153 3585 8042 4806 5566 5601 9068 7811 9158 2044 3075 118 9785 4595 7933 5992 5729 7418 740 1690 6234 3385 9967 8523 5385 158 4859 6976 3283 195 5797 3595 2610 5395 480 8850 
32 6265 3816 5668 9620 3879 3058 665 753 5375 8768 3782 2395 7034 408 6953 2739 5530 4409 7520 9683 4923 5947 5905 9814 1158 6401 2683 3413 7742 6400 9417 3172 
26 8448 6413 6739 4782 241 1349 161 3583 2906 7592 6359 1297 1846 1281 6680 2160 6047 8916 7294 4210 8215 14 5754 8663 1751 3749 
29 5516 9757 7579 6967 2653 7150 2264 6029 6134 6808 2959 8576 826 1053 5005 8354 1775 4809 1296 4567 5831 3998 2450 8623 9942 6045 3369 6701 7705 
25 7255 6474 119 2041 2982 633 5240 1660 821 1309 5907 5076 7663 4884 678 2884 2804 6970 3673 930 9914 5471 1207 1972 3087 
23 5090 483 172 3605 6648 7876 5557 1725 4404 5074 1733 7922 6617 1217 7604 5171 6382 532 389 1129 651 8641 7201 
15 1200 9349 6297 3553 116 7659 2950 6472 4447 8139 6935 8043 4446 5280 3612 
26 4875 4482 1845 4938 4245 2652 5803 2558 3271 4365 4060 5344 1666 5772 6781 45 2666 4534 3727 3934 6330 7268 6768 7568 9387 7766 
15 3073 8133 9042 4957 1319 8344 654 2962 1268 2858 1858 3229 7356 5873 7820 
19 975 9696 8146 2934 6575 9135 300 8653 5553 4361 5247 7539 9747 8714 8519 5110 9938 8098 2363 
20 6547 7685 8085 9464 8173 7732 3793 2568 15 3232 2680 115 5966 8763 3336 9403 4373 4287 7853 3638 
32 2399 5212 4920 2783 4396 4250 5642 5584 5783 4007 6737 7309 1176 2802 3593 9444 1761 3130 2473 6679 4916 3815 2054 5785 1954 3350 7305 5096 6988 3265 8384 2659 
17 655 2056 7884 8412 5260 4798 6771 1985 4588 3071 9189 5768 5591 9749 4142 6750 6323 
17 7602 7243 9657 5620 3783 9127 9923 7284 9699 407 3695 1351 2409 8151 6509 8251 590 
28 4246 5663 4115 3807 2442 92 2731 9678 4130 5070 8038 2174 8691 8446 1979 8107 7703 9275 4464 4621 9531 7426 5316 3023 2843 7303 5596 2848 
12 3200 6922 6076 380 990 9284 1934 3610 5262 7479 4388 4646 
22 8803 656 6048 7380 2556 1997 7916 6683 4564 4840 6156 6522 6678 1119 5492 5506 6301 5946 5912 3415 3525 5296 
6 3544 9735 7692 1565 853 4887 
28 3739 4450 2663 8485 8742 3432 5104 77 6204 889 4322 7107 8186 1187 1632 9248 1608 4726 3001 8206 937 7973 4236 3417 8196 6080 5682 1191 
28 4285 4657 57 2217 1311 5193 7778 9276 862 7796 4552 7570 52 3645 9630 701 2268 3201 8010 7815 33 420 3125 9467 8724 6827 8276 2625 
16 8816 5957 2245 1723 9795 98 91 5291 8968 6687 4769 9507 3787 6302 8939 8171 
18 4107 7277 9202 1557 7477 3623 657 9647 1110 6744 451 5767 5588 2598 7068 251 5467 5449 
11 935 6141 5241 7041 5088 9424 8937 8150 8063 4857 2346 
21 6069 6550 2207 3502 3701 2171 6462 4543 1709 9055 5321 2344 5842 9501 9808 4424 4418 794 4741 8414 1038 
16 3375 6742 506 7438 1023 8875 8169 4754 6667 4626 1919 9365 2638 1120 9711 1652 
13 9254 8192 1533 6640 1049 8358 602 2358 7977 6676 5334 1150 8012 
15 4733 3445 381 2952 1250 1583 4274 1700 1791 202 7935 7967 1702 9644 7206 
24 6021 290 5719 6216 1884 7448 3122 7176 1831 4651 9566 6375 3561 1016 5739 4316 7454 3256 6310 7767 2491 7524 4931 9476 
27 6710 1873 982 354 4366 7169 3190 8194 8353 1264 2614 2667 8616 6203 6769 7960 4212 7652 6673 2637 488 9767 9494 1174 4057 6099 7112 
24 7567 9625 7492 1496 6399 178 9179 425 106 9027 1772 2173 9539 5105 1358 1624 5033 1347 9760 4735 1837 9831 8152 9484 
34 9289 2651 9610 6805 952 7746 1429 7777 1396 484 5023 3241 9490 357 6167 1302 7488 4535 2336 2403 9096 7786 1616 1953 6343 5820 160 5773 7725 5854 4962 2238 8123 3458 
27 497 4205 9273 46 5539 8938 3949 3173 586 5959 449 2062 8076 151 6928 9324 1486 8723 1380 9802 6992 341 4474 3099 9567 7189 5434 
17 2992 8681 3054 4372 646 9035 7010 751 8652 3211 9240 2866 2005 1141 8528 763 7017 
11 830 9512 5069 7912 5838 3393 8101 6832 4014 1061 3207 
10 7444 5084 3282 7841 8230 5550 3455 3741 3633 2806 
9 5477 3842 4411 4465 5762 242 5637 3791 4243 
16 3840 7464 3323 8117 2891 1675 7106 7995 9094 4458 8061 2961 5536 3922 2606 2329 
17 3740 6101 5287 1644 9288 3466 3227 3625 3328 2205 857 5622 2947 7387 6712 9506 8727 
12 1963 7994 8155 5371 6972 7199 9294 4982 9956 13 6665 8232 
28 3972 7698 9511 6537 2706 871 1902 5301 8534 7394 8917 9006 5675 3372 9894 4004 6144 5609 8166 8141 9922 8423 7269 879 7069 1829 7251 4013 
25 4141 7092 2696 7628 6182 5453 2115 1504 2315 8481 5610 1747 8039 4012 9989 9841 5236 7844 4640 6368 2255 6853 263 6084 6073 
29 6392 6438 5107 9497 5100 4888 4756 1051 6062 5600 2375 3913 3266 686 7560 6055 6105 3935 4102 2294 1976 1691 2022 6696 2987 140 2886 8941 8943 
27 9002 3616 4652 4065 2272 1428 5004 2956 2299 9718 9085 5259 1405 7755 8531 5938 3764 291 6653 2993 3040 2114 1987 6010 4451 4759 3712 
7 4520 9933 851 8927 7675 5726 5886 
4 9450 7190 5091 5821 
11 9164 1102 8379 6213 9195 1455 7984 8719 3297 3705 7641 
11 9314 6023 5503 9265 4605 8956 9165 6746 1710 4699 492 
15 32 8955 6244 3117 8609 6243 2766 8553 2131 7625 7772 4545 6569 1966 3033 
29 2577 1222 6026 4585 4063 9731 6367 403 9064 7080 6120 8692 3139 3731 7914 3796 2506 5490 2204 6309 4131 8218 3889 3356 5867 2529 8392 4281 2321 
11 6356 4139 2981 2910 7122 7343 7968 9977 2326 4129 2221 
13 1684 3112 5433 3784 5830 8761 969 2234 3225 6725 1699 9350 3043 
23 3270 8034 992 2930 7162 7344 8667 319 1470 5026 9000 1181 8516 1889 1814 8258 717 9245 440 7242 685 948 7133 
13 3051 3721 1346 8300 7715 9623 4019 6814 8788 6217 926 784 8717 
13 378 4862 8529 9458 5879 1589 65 4654 6713 9143 6692 67 5969 
15 8995 8445 5660 7301 3345 1364 8214 4045 1741 5391 9384 8958 2242 964 9515 
11 7494 4986 1381 9519 7892 8508 983 9878 4160 9970 5149 
12 8831 908 5481 671 5519 2715 1424 510 2611 8297 359 8596 
4 761 2464 9242 4027 
8 8071 2767 8948 2847 1701 7175 3886 3402 
23 6119 1215 9134 159 2585 9564 4744 516 1891 4881 5140 6560 2612 1413 8845 6760 5972 2569 2550 3405 4918 2815 5825 
13 4704 1910 2751 7599 6949 9807 4183 5781 7157 4580 4823 526 1425 
15 1465 6969 3366 8695 5082 772 2121 1459 8605 4778 2389 9201 4018 1813 7405 
12 4914 1294 1046 7808 7276 4300 3798 5040 4204 4443 8974 2445 
13 7232 9209 6570 1169 514 9151 7501 1199 2345 7403 8115 1298 7147 
14 5187 422 5853 6336 6698 7135 3230 4952 836 5669 5896 8607 3522 9792 
29 6402 8259 9742 3205 5952 2842 7749 5962 9333 863 5292 7871 8997 6395 1596 62 4262 5397 8964 9676 1971 4577 1483 4861 6867 6266 5035 5631 58 
24 2178 5724 2377 8028 9070 8661 1431 4168 5323 3979 9435 3582 198 1915 1126 4427 8398 8013 4670 4267 6445 1147 8044 4649 
16 376 475 7901 9019 6372 8985 7160 1739 7317 3683 1128 6394 5302 7518 3431 4972 
24 8236 4544 2105 7816 4834 4866 8804 2206 3421 6331 2052 6094 1539 2437 7507 8811 4330 7887 6926 9825 238 7168 1259 835 
10 4318 9617 3958 1079 1631 2275 7769 8953 1943 2758 
26 3057 7203 5043 9033 2045 5160 2072 6078 1748 3694 8976 8359 4985 3018 1916 9113 771 3142 6014 3010 1059 5752 6046 8070 224 4296 
23 9037 9475 6618 4089 254 8830 2850 9879 6608 3650 7258 237 1017 3355 5624 8389 9063 4422 4578 3571 2940 6212 3097 
10 572 552 6871 4555 1263 7730 3648 1376 8319 4445 
20 986 6896 8806 708 7595 1930 6064 7529 8621 5305 4394 4190 5220 7101 5770 551 5945 2890 3337 4325 
12 233 7635 1368 2500 9858 5200 8041 7835 6015 831 8278 2055 
2 7253 5982 
14 5751 6196 8555 9570 843 6865 5221 4329 2349 9204 6973 679 4556 7410 
19 8854 4171 9375 3418 4792 4966 8585 1787 7794 8316 3121 7018 9812 4620 8470 9185 6483 1069 9360 
23 4854 9846 9394 2979 3785 3429 6374 2386 3085 9542 9867 6056 7942 2373 9386 2630 4647 2481 8606 9499 9517 5065 2554 
24 5263 4607 1256 3530 9082 7857 4843 6920 8099 9073 8390 4789 4730 5851 2918 1820 7238 4956 609 7702 4901 5876 3218 770 
15 8112 3778 1160 9388 1944 2407 6699 8492 3912 8049 130 6308 6802 814 7482 
5 8615 4070 2678 7204 1190 
11 169 7364 494 872 5197 336 8195 4968 3954 7008 5063 
17 9410 5628 1494 9948 6268 1198 2601 7629 9270 7503 9547 1165 6556 4235 1737 1167 7522 
25 6024 9466 691 6013 3394 7078 5786 399 1402 276 8545 4217 2398 7790 9447 7177 695 2994 351 7031 6666 8561 8722 7181 182 
10 8188 9481 9645 6248 2040 1695 7736 2772 752 8994 
28 942 5366 7558 2969 8984 9694 7231 3498 5473 8094 4899 8544 5216 8116 6137 7982 53 3419 6506 5278 42 4548 4367 9339 1928 8260 6371 3797 
11 225 2919 4021 4256 9962 9576 1067 5889 9067 4324 7937 
16 660 8882 1146 6184 7944 6797 4290 8451 8707 107 7667 5623 3679 8001 729 6623 
27 8191 4034 5866 6893 6009 2548 4293 4125 776 4378 9480 3152 3843 1781 7550 3217 7326 2871 8977 968 2433 4747 185 2747 7951 421 3223 
22 8671 8118 2665 1441 3261 2095 7066 711 2648 4689 7806 929 1125 7879 3473 3841 213 1717 2127 7890 5509 1545 
29 3435 5766 1232 704 5899 2292 280 8148 1612 2042 9159 7807 578 3599 7505 7800 735 1373 2707 4589 6166 9197 5928 5022 9126 132 3928 432 9005 
28 9710 4713 629 7548 5995 7894 7508 8562 8928 5073 7650 928 9110 5313 8584 4368 2895 4814 404 2980 2807 6564 5634 1488 9210 2964 3619 452 
27 8642 3513 4696 7274 3901 8407 5163 624 2546 6897 754 274 4038 4362 3214 5114 2929 4179 6435 8809 5198 3080 9786 1939 6458 3618 1403 
12 7684 884 3707 4086 9529 1391 5789 5142 1385 3301 1295 1562 
14 6133 4913 2220 5835 8743 4046 2477 4135 5032 2590 9978 7979 5742 8019 
26 6643 9842 5238 8851 8266 5527 6211 6939 8334 581 5217 7521 6938 9415 5337 4391 8295 6941 4684 2259 6057 8541 706 746 4292 4987 
12 9737 8272 5123 1568 5462 7793 37 9368 7971 6452 4533 4949 
26 8167 7988 4924 1521 5700 387 9983 5061 2154 5904 9946 7866 7961 5261 8709 1749 4240 2555 1549 5869 6702 8365 9465 4506 6087 6533 
23 8176 6407 3482 9912 177 2921 5632 7761 7021 1197 6102 4608 693 7620 9455 9883 8387 5845 4672 8636 9552 3662 7215 
8 4017 674 6672 7075 2370 7597 3733 9999 
17 6280 1745 4617 6098 8505 9810 3877 9479 742 8813 8325 6531 1572 9155 2522 4510 7458 
27 5409 1415 1768 9054 5564 2248 7222 4988 8018 801 5921 3416 8920 6262 7046 3363 8752 958 1957 9953 960 756 8275 6723 5485 3378 8847 
24 896 4326 8243 4331 1101 8631 7516 7045 93 4625 5166 7819 8844 7461 7541 9211 7027 8457 3766 2237 1074 6500 899 6350 
7 6639 156 6659 5847 1844 1225 5652 
24 1613 3532 4270 9655 2810 1799 2362 5909 4244 8871 8450 546 125 4025 2646 5165 2063 2454 9775 5363 7828 148 9461 5399 
17 921 4006 5965 9898 7852 4780 3956 4993 479 3983 2249 3126 9560 2113 2158 5931 3825 
21 3775 5579 6716 2374 6345 2645 458 7094 6868 5614 1283 9653 625 4508 5469 8866 3113 6624 7283 4671 1300 
24 5837 1864 3469 1738 3621 8926 9420 9859 4775 9741 5559 3339 8863 6406 7388 5893 5518 8468 755 9220 1636 7374 4319 9296 
17 5169 2702 2543 7754 9328 6165 8153 6326 2084 8662 8017 1821 5950 3715 7311 980 8949 
20 6132 3524 9896 3505 7614 724 8760 126 9571 9239 9730 9553 4449 3209 7328 1337 3464 5617 6964 7600 
27 7263 2675 5809 8239 8431 7865 1065 909 3474 2789 9080 6810 9565 1554 9672 9356 9269 5575 5277 2976 743 6573 1089 8371 3518 5273 8113 
29 2126 9684 2924 3228 5915 9319 4117 1810 320 7164 5956 5271 386 6030 6117 4573 9295 574 6175 5884 5118 204 4522 7776 1312 906 2914 2750 2165 
23 8190 1942 6579 6882 7271 8883 6850 6391 279 8281 1999 5448 9302 4827 9791 9500 1164 2752 5178 605 6294 9829 6467 
25 4344 6484 7712 6571 6106 6396 72 5911 2762 4681 3777 9029 5505 5195 1574 6351 344 3348 5740 3095 6817 2133 5666 805 2276 
9 1968 252 7613 1238 3718 811 6890 5443 7943 
10 2578 9900 4838 1442 4660 3318 5673 5787 5147 900 
11 7171 8737 1862 459 1433 9346 6993 8744 1398 5458 8119 
21 6422 1211 9641 883 4734 8510 8383 7724 8993 8793 5997 5640 5795 9716 8299 2310 598 7722 737 4156 142 
11 3729 8975 6792 2995 4231 7950 8880 6766 7391 207 3514 
30 3364 1475 9031 5451 8033 9701 9823 5172 3141 122 9902 1466 870 9788 9122 4765 1308 564 8442 2643 5148 5644 5162 1865 5361 9776 8690 8884 8269 9766 
14 1422 2107 542 7422 1774 680 379 7125 4559 4380 4702 1103 9253 1216 
25 6589 2406 4858 7903 396 9028 6743 6921 7009 4989 1921 5258 7121 3725 6176 7185 5774 4632 6950 6779 4383 197 2098 2697 6348 
22 775 4227 3867 5994 6179 4111 5486 7340 2104 3973 1687 3982 1719 8881 4175 257 8452 2594 1301 5159 1006 749 
26 8378 5713 7555 2972 2602 9908 575 2479 4279 4549 2560 1328 3437 1964 8805 7945 3084 7358 1440 1848 5270 1467 4097 2922 4220 7676 
18 9561 4355 377 3986 1914 1045 1094 3508 7930 143 5924 270 8685 5613 1014 7577 3064 1285 
20 6784 8694 1912 8339 352 9421 2341 1819 1229 4722 50 5840 8762 9162 3287 3109 6035 2516 2865 8543 
10 1189 4328 4105 4907 1389 8603 5001 9998 4802 4941 
22 9263 9133 2108 8542 8659 8970 2931 3031 2340 2793 723 8986 8658 1894 5075 1577 5685 911 8053 504 7390 8308 
17 2240 230 4353 4718 8326 6855 3659 5288 9605 7032 8600 5151 2855 5207 3698 7589 3324 
14 7134 8263 8610 7037 9330 967 8289 2948 8312 5882 3628 4254 2728 3824 
22 7118 444 7569 7931 3862 485 6451 4358 7502 4440 8296 4423 6540 6276 8408 7908 2820 1426 8411 8482 9714 8080 
21 7941 8257 1220 6067 3584 6909 2023 9607 6682 137 2524 1026 9318 2012 8757 78 5115 4701 7831 6477 8147 
10 3669 6161 1393 8225 2241 6515 5812 9736 4145 5111 
19 2797 3373 8869 6946 6333 5664 4489 5526 9083 9780 7443 4389 1464 9008 9051 8460 3298 6514 8770 
10 9044 8031 7720 8238 9590 9217 9960 7310 4725 4268 
26 1109 3203 6237 1595 5998 2444 3925 6963 689 4044 1317 9092 2756 7893 2708 8604 7571 919 1506 7218 438 8083 9932 8372 7161 1599 
19 5405 9478 9838 1800 7143 4810 8954 7598 4155 6077 4975 6028 8764 2136 4230 1808 6795 1306 3860 
22 6971 6188 3133 7515 5933 5211 7645 5210 4323 5694 4569 5852 1730 6837 5877 8914 8270 2822 9787 6016 7042 8217 
23 6172 3622 8782 4561 6566 8125 8935 333 7285 4650 6385 8003 1567 1648 1361 8859 8756 2091 1390 5342 3238 8666 5224 
4 5116 9377 1722 5723 
18 2360 3646 6476 9632 979 7407 536 133 3494 2478 1286 5639 577 1420 5320 4551 7039 89 
14 876 8220 5824 463 8620 9784 6116 5793 2381 9704 6219 2029 3353 4417 
18 9156 3909 4302 5684 9826 9407 1767 1034 668 6604 3511 3391 6671 2028 5053 4146 1753 1284 
22 553 4113 9228 7296 897 6312 8590 7292 1604 7345 1457 6561 184 1156 8417 6637 944 7980 9214 4790 4799 6870 
17 4724 7048 1330 6587 2402 8767 9229 3828 9047 1933 9588 736 4442 5560 4273 3903 1153 
22 6082 7693 7234 365 584 3496 1050 4770 9431 3182 3813 5648 4609 6095 471 6145 4462 5322 1522 9432 4040 3012 
12 9809 9975 9264 2467 4685 9496 6605 4138 7235 9860 6494 758 
3 5087 2547 5441 
15 9505 6657 6930 1532 2179 4397 2710 5072 5191 5728 2859 363 6947 6543 2709 
18 7457 599 8373 9436 8821 7167 2267 1822 1253 3178 2911 3769 8751 4808 3041 4271 9123 9915 
12 9249 8776 3552 9891 6318 5239 6959 790 8352 4311 7496 2441 
22 9952 147 523 1639 3210 1008 6178 6042 4312 3873 2874 7646 3013 1853 347 324 9755 1847 7751 6354 4723 1633 
20 8996 4981 9433 561 4845 9136 6798 5117 6286 5863 9423 985 5121 6157 3179 9206 5368 1377 343 4047 
23 175 5792 4159 6389 1188 1041 9299 6253 7179 2263 2545 7514 3661 460 3151 6194 6411 4226 7959 3042 5817 702 8870 
12 7445 5009 7829 7764 2846 4085 9208 6463 9642 188 7758 5362 
11 5861 7453 2532 2727 860 1665 3551 2064 762 3134 5398 
17 1412 4206 7370 8023 8502 1981 3751 3061 6646 5561 486 3957 8455 8078 2730 3562 8921 
22 461 1299 9687 7091 1715 8268 4903 5801 3924 3389 2974 6826 7832 5546 3716 4737 1481 7350 3734 9608 3723 8131 
30 6491 3146 7415 4224 5725 5670 4407 4878 3761 6366 6800 8362 2451 1988 5558 2295 6126 4030 539 466 5122 4728 8677 6546 1454 1195 3500 7617 2200 9916 
8 3675 2412 7421 5229 3143 9615 7881 2499 
8 949 9817 852 5635 1947 9233 7549 773 
22 462 7873 7493 3157 3722 8911 9462 6033 676 4289 4166 2876 850 8144 2647 7869 5311 7300 7059 6650 8321 5926 
12 6902 8987 6864 7987 5314 2452 887 9348 1310 3674 4850 9740 
3 1620 3930 5903 
7 2415 550 3845 402 6873 8074 6527 
6 1779 8801 5134 6353 9355 9868 
9 934 4969 7564 3044 4594 2 1980 8693 1555 
17 8686 8798 4772 8745 1471 7582 1493 9470 8439 2668 3822 5079 3899 5392 3558 3944 2669 
14 1257 193 6885 7998 9968 3772 6824 946 9150 4369 4694 4874 5985 5446 
11 6121 1896 3874 5256 5201 6059 7298 6583 3923 7818 7899 
10 2867 1692 6848 2958 6708 9321 6883 6486 6149 2528 
9 2515 2885 9106 9789 8103 7148 3547 9994 1000 
10 4528 2302 4466 191 7859 5839 9589 1095 4599 5665 
16 3735 4249 2504 6722 3686 8432 9835 9899 496 6866 7658 1354 9663 3898 9198 6170 
21 4247 5064 3269 7259 4667 1073 3961 8532 1538 9310 7932 3548 9984 6936 7241 8084 662 5435 5264 9545 2770 
19 4895 9268 3314 8826 2191 1989 2682 3916 5796 5468 6714 8812 2517 3076 1703 6621 3388 9909 2824 
8 5967 6562 3501 6625 5537 9224 7782 8402 
19 5465 2082 7900 7384 8212 6982 692 8549 3630 7137 8886 4468 8483 2902 301 4479 7485 2410 3588 
21 6582 8901 6751 2935 3574 6833 5529 3747 3395 8697 2462 594 9293 1076 5940 9066 8142 7057 2138 1055 6019 
21 5356 1752 3859 2989 5154 3027 3406 9870 6754 7155 9456 631 5823 410 5800 8095 7151 927 2211 4606 5551 
13 1785 2354 287 2120 8683 1927 1983 5735 2604 910 3880 1437 4186 
5 7915 7609 3999 5567 4469 
2 8075 4796 
12 5782 1875 384 8732 4572 7689 4500 9437 7596 1077 3111 1559 
21 4653 2907 9219 338 1590 4033 22 8725 3212 1901 5139 3820 7728 9352 1068 5589 1536 6032 4977 5749 9326 
17 8820 9141 7142 285 2348 6114 6072 7765 6812 3131 966 3600 1969 1127 1909 3591 4241 
22 4147 6987 5306 4426 4669 5981 3808 4890 7273 9801 2303 9727 1382 3563 8899 4151 5346 1586 7079 5390 1887 1569 
18 138 2901 8814 4821 8293 9988 9554 732 8567 2309 2093 6707 8170 356 1063 7486 4313 1626 
15 9238 9167 5464 9658 2284 6778 7699 6578 5898 5223 5696 936 1478 5020 4803 
17 7207 342 7392 5709 2359 288 4039 2459 8651 4169 5935 3248 3890 2289 7824 6507 9013 
22 9526 9720 1271 7525 6915 3672 1394 3216 4560 8495 8045 6038 5038 3668 940 8066 5354 2701 8090 3858 4416 3259 
11 799 6519 2228 8193 517 173 3521 7047 1806 8734 7025 
19 6393 3476 3556 2938 3267 3963 9709 7552 6600 4148 9713 619 8619 9674 1641 5806 6770 1602 6063 
20 6677 3135 9337 405 2854 5411 4805 5522 8627 8399 1401 2282 5164 3100 4530 6482 7888 7228 7739 3346 
5 8664 9881 5289 7414 9287 
20 9950 4784 2622 893 7004 5880 2633 6908 6655 3161 2379 6468 4797 8522 4010 9940 6241 3812 8957 635 
