142 1066 3817 4618 7475 7499 519 5424 5716 9799 9207 2576 2313 8932 2424 769 109 7471 583 2784 3459 1984 3196 9320 4959 6457 2626 697 8338 8521 1372 4050 9628 1489 1994 2635 9769 2245 842 5996 8530 5566 4806 6705 646 292 7323 2681 2817 8804 9195 5642 8560 5535 930 8644 8324 660 3851 9720 3646 5027 2352 9944 396 8511 2600 7865 9328 5323 1767 2874 4634 2841 485 5999 3894 7750 4440 2563 2719 3446 6556 3912 6030 8136 678 5422 2804 357 6629 1631 806 7221 8392 9982 3517 9222 7063 3479 848 8012 4740 4783 9857 9261 9086 8036 5195 1507 9074 8577 8109 6328 7845 7509 8639 4408 480 7776 6390 1288 5399 4841 6317 1158 6546 1662 6828 9936 1136 6492 2090 2521 8925 757 1653 4393 2554 8196 9005 4795 868 
120 88 677 5860 273 4377 4008 6916 5335 8175 7463 4601 4346 4056 9888 554 739 9626 1630 8484 3239 5112 5060 166 5089 8425 9805 4855 6329 7572 8637 8219 3786 6842 4546 1527 8112 4986 4867 3875 2856 6196 9075 665 7301 8984 6579 7805 6179 1532 5757 7422 2235 1355 3124 4064 3295 3070 6345 3761 6366 1402 4699 7935 1810 8166 5249 4259 370 997 2189 7598 4535 6469 6001 4619 4518 4684 5259 3916 8524 4837 2065 7839 5966 9096 3244 2699 9204 8649 3568 7855 7473 2746 9931 5585 7981 2046 632 2909 2396 3115 2067 5175 4180 2363 4670 3287 3626 7820 3984 2185 2210 8690 1207 1972 4348 5449 3110 5592 8850 
111 4525 2920 5497 6002 7040 3564 6115 541 5769 7188 672 5727 4742 6780 6493 1353 1605 5818 2641 7975 4665 9974 245 9144 3795 5212 1491 3565 9602 1557 6026 4109 617 4585 3105 6742 6956 2884 3203 1647 523 4206 3843 8796 9950 7949 4866 3862 7594 1896 2938 4703 8261 4893 4044 8621 433 1796 4248 6861 4457 3873 4452 8920 7327 4870 2980 6488 3908 7616 3391 7925 8531 1196 3854 7076 7128 9414 5947 4596 8499 8985 5353 4916 8834 3336 5128 8005 8479 1971 9783 8684 7681 1425 1497 9646 4271 6992 2824 9014 6878 2307 9589 60 2318 8372 5974 8942 2862 8594 3931 
105 6466 8708 372 222 4307 8559 6952 4882 9698 8406 55 6706 7704 5948 6123 4833 9405 9401 3067 419 119 956 6338 1530 9164 3148 7232 7442 552 5620 3270 135 403 5713 6425 64 9696 2482 6757 2927 6893 671 5569 993 463 1886 514 2829 8928 2395 7755 6939 3561 2386 9881 4890 6163 3299 3573 2281 7689 2892 9604 6590 9655 8439 4343 6704 7541 3382 7505 5526 5277 8362 7819 4155 3707 1063 2267 5927 7022 6592 4676 4896 3460 5806 1133 8569 221 6358 2113 8002 2252 3335 729 1312 8802 2821 4296 759 5720 6458 6723 1293 6934 
95 2519 6689 6695 157 7965 2432 585 7293 1784 6485 5213 8698 3951 5510 8262 6307 5205 2559 2904 9045 7602 1386 3585 6747 6739 3047 3958 8597 4544 9947 6871 3622 7256 9388 2314 3155 4617 8228 6905 5076 7873 5040 9882 3421 6806 1012 3053 3842 8628 9884 9951 6996 5292 4669 2425 3328 2205 7564 4849 4039 2149 1822 7199 7893 4543 1391 9730 3195 2775 452 5594 9767 3040 9786 3713 366 2833 44 2170 3415 1903 6496 3871 4185 4729 6789 8168 5942 3369 7281 7481 7238 3781 20 4277 
89 4094 5086 8310 606 4894 8675 7141 9393 9020 2738 6783 8213 7849 5304 2603 5881 9768 2791 975 5554 4143 6749 4170 6159 7312 4376 9710 2570 177 9475 9035 2108 7715 4031 7216 2044 560 1902 5301 7305 2513 3799 1692 1598 3316 8591 7237 8169 1275 7178 9774 4067 5565 6829 72 4478 3628 5183 7447 4316 3878 5119 7339 2674 6347 5468 2137 9343 4129 2391 404 5822 8461 9905 1950 3658 5407 4813 4399 8046 5490 9032 5037 3275 7824 1958 1210 3950 7723 
92 4839 6277 9305 920 2020 5406 2571 5902 1528 3546 3103 6361 7116 9733 7792 2963 1030 8979 3462 8146 7236 4233 8629 6836 2077 9871 7883 7567 159 2900 4297 6316 2434 8164 2799 8062 4787 5256 5351 2924 3963 4062 3370 1348 2846 4085 1345 6436 4878 6930 385 121 2041 9983 5061 6504 3201 6552 1370 53 8428 3241 591 1567 5200 953 9332 5013 6508 8871 228 9212 8712 743 4922 5328 9551 3897 4484 9953 6334 8232 4522 6400 2853 7105 7133 6271 8185 3087 8674 9196 
84 2465 4059 9707 423 1305 6807 8518 3410 5227 9411 1637 4583 5744 892 4414 6924 3866 7117 1054 3294 6029 3885 4318 896 8118 4958 6703 9429 1263 5915 4293 6446 4195 8981 9972 4566 3772 3182 7389 6779 7326 1450 2452 2043 2268 8603 1850 9408 154 3401 7738 7549 1632 9248 6215 6497 7313 5568 9016 6050 7480 4179 3683 7538 7369 4444 8696 7412 1278 3734 781 6273 6693 3035 840 2704 472 391 1019 86 9517 8301 2508 7111 
81 5018 7429 2720 3869 4090 5299 1097 8783 7861 7287 961 5746 1635 6296 4935 8434 4558 3170 8093 3420 4920 7698 2250 1222 8575 9419 3770 8695 9496 8273 7573 7604 6987 6909 1179 2035 7620 2272 9889 8544 5389 8533 5163 4323 8645 1145 7418 740 8076 151 3331 2789 63 5421 8013 4382 4917 4313 38 4434 5814 5266 9432 1881 479 3956 7976 9217 9427 4531 8267 7818 3378 8897 9243 6748 8163 3664 4803 8131 9334 
72 5970 3444 1543 9514 741 219 6502 2531 7640 1438 2838 9406 19 4575 4794 8346 9685 6900 6360 6352 7580 832 6818 5069 9981 3663 2661 821 4327 9133 4564 9968 7920 1123 586 2621 4881 8883 5155 2109 9327 8491 851 5180 9853 5921 3010 9995 4037 7 7566 9149 3153 4075 1483 4598 3576 131 6007 1403 7083 2224 8648 3716 5735 3000 7405 6524 8138 1120 4203 2659 
78 2735 1335 6663 6815 2278 2429 9166 1170 3596 8209 8435 394 3461 8462 2711 7406 658 2992 4246 3938 3160 9012 4643 6182 9842 751 5050 1101 459 9265 2930 8746 7407 9300 5702 6437 5519 3340 6833 8833 1152 3474 3673 6290 1840 8250 6712 8896 3212 1911 6754 2045 9825 7545 4216 2369 4681 8738 4462 4534 4161 2158 2294 5972 9522 9371 9746 927 901 9850 1404 9937 8980 4350 1043 980 144 2130 
71 4309 7928 9409 2883 3457 6843 7435 4873 9523 1593 945 2520 4706 5990 8574 615 9104 7465 5511 7034 3058 3026 4021 1441 3366 2919 9492 8831 7045 7474 5009 3997 118 1197 2400 4038 8725 7169 9213 7217 2341 8688 9027 3841 2950 1673 5274 701 3670 5488 5456 9115 6906 6640 3357 642 3834 4814 1419 6105 8707 3652 913 8308 1680 9069 623 9311 3857 2322 8375 
73 1209 3156 9003 3855 84 6263 610 1332 6139 4437 4223 2357 8713 6786 206 6450 8766 3616 9511 6652 1667 7172 6767 4300 2640 922 1523 4714 2179 1470 4266 4515 4014 1048 1834 9611 6764 2766 3509 1686 4789 6743 1989 3399 6609 4526 5149 7107 8474 6926 858 2906 3348 1798 9605 8255 9808 6500 4674 491 3886 5209 8442 2671 6052 9637 5854 1244 4160 4023 4865 5538 6690 
70 187 8703 24 5440 2316 7140 3697 3667 5875 9473 9137 4910 2143 9926 7554 7243 8079 4536 3424 2771 1121 8419 5187 4552 6068 5951 9132 2095 193 5411 9420 529 527 2614 857 4045 399 5309 689 1072 6777 8916 7531 2988 520 9727 8003 5795 8775 1125 5448 4501 5641 8317 2974 8455 8997 1952 7611 5368 4451 6448 9203 1254 4018 8941 8710 3458 231 2658 
69 9313 2356 4637 5235 9979 7877 9187 8736 5808 8449 3579 6804 5006 6718 9813 3108 3411 802 9450 5766 1250 1684 4888 4400 3133 1220 9226 9234 8854 2601 5473 5442 8268 531 1501 1748 4776 4597 8692 4460 171 5165 7608 4847 4026 7868 5271 1974 6797 6194 8781 3037 9715 124 2625 197 5438 1851 3274 5413 9200 7138 4905 8865 2816 4978 7950 4186 8171 
65 3629 2135 700 2941 5300 6656 9820 4885 4428 2536 9274 6199 2399 8823 2497 1503 6438 172 3190 8368 6216 4749 3418 7548 4227 7197 3623 1509 4930 8547 4357 6888 6857 6920 7091 771 5548 9510 4512 9902 3582 7018 8049 4889 8060 6837 6395 3815 9036 2188 6440 6195 9201 955 6827 3520 56 4458 5874 5923 8744 3698 7593 9956 6872 
64 9976 8640 2912 3025 8420 3276 7612 9679 9595 7156 9087 7637 4225 4260 6856 128 7685 7683 3732 9033 2076 4792 4130 5888 9171 9809 3691 8125 6082 4587 2228 6374 2607 244 4264 9150 2325 508 9269 8415 5302 9312 8067 9344 6071 7995 9063 3309 5283 8145 9959 1270 103 7144 2193 6227 8467 8371 3518 3069 2449 1247 9766 2208 
64 3607 9325 9752 5598 2828 3197 3555 5387 328 3024 41 1200 4200 4410 3541 3129 3554 1276 8772 2187 7745 7208 4800 4696 9632 596 5892 3083 2958 9208 3610 8993 6486 7907 4739 4919 1328 8763 6854 8776 8911 17 3668 7495 4631 3814 6890 68 7822 331 731 1291 4861 4908 1898 9088 9391 5936 587 1577 2770 325 6507 5798 
64 1757 117 2949 1833 1815 3743 7810 1227 7451 7889 6558 9469 1233 5477 1201 7574 5182 8742 6305 6192 2665 374 8075 7508 9073 2086 8826 7384 2390 8960 8212 6982 7370 3141 2960 5958 809 7886 2810 7652 8400 7254 4456 1719 4253 960 8924 5800 7089 4474 9759 6236 3872 9059 2878 7702 8607 3522 9308 758 9876 9776 6997 3032 
60 6670 8477 5341 3692 1315 7455 6658 7104 5189 1100 7357 8285 6392 8791 6985 8034 9165 5853 9546 611 91 3477 2304 5452 4396 7900 1255 2505 4613 2863 9378 9643 9955 6505 2274 9571 3511 6915 5956 7302 9009 3823 6568 429 2705 3423 5613 110 8096 9525 526 6598 6944 6585 7131 5939 3128 5253 6533 9938 
61 8292 6831 61 3988 9283 5402 7398 9128 2899 5214 4980 9316 9680 8309 8128 9610 4007 9538 8378 7118 1494 2388 516 281 826 8134 9694 9114 6375 5715 6655 9237 8361 3924 7402 6733 521 1711 3152 7449 5938 5310 4102 5940 2030 3175 8515 4633 7617 7074 3383 925 705 937 3126 9560 6246 9781 5415 1336 6750 
60 303 5445 1888 9291 489 1447 3575 2106 3329 1674 3208 6711 3602 9795 2975 1272 381 85 6584 2362 1062 1331 8042 544 4642 9141 1681 2479 6415 3127 2 862 8289 1750 4798 253 9250 7890 3806 158 5528 8604 2038 7571 6310 4466 6166 265 6394 8677 9007 7974 562 7348 662 6364 2238 8123 5273 1038 
59 9847 29 3149 6649 7064 8149 699 7687 3601 5369 8351 720 9666 1550 9297 3807 8882 6398 8955 2072 5263 6067 7493 6103 793 7361 3436 2945 5523 8656 7552 1266 7914 1988 963 1017 5558 8360 5026 8443 7486 7400 276 4222 4545 2028 8386 3002 8269 6876 3224 5867 1892 7955 4951 6490 1547 5629 9215 
58 6822 5324 713 3307 6418 1724 1838 2748 530 2293 2973 5025 4869 5240 6034 3057 5866 7411 9928 9633 9526 5534 2160 9106 5567 8159 618 4805 9224 7321 3498 1714 3262 968 3674 3913 5681 4933 6083 3706 725 2588 5110 6528 4081 6126 4719 9690 4731 8084 8398 5726 4305 8044 3064 1510 406 5398 
57 1560 7401 4066 7186 8376 2942 3249 9078 608 1580 830 7874 5719 7211 4966 6422 5803 7837 6587 5033 5160 4211 8901 1592 3077 5564 4106 5600 232 1069 9348 4487 1053 2590 7838 2667 7939 4694 7336 4187 8567 1607 5276 7526 1161 5741 4732 349 2157 1829 7349 7350 6623 5784 4319 7537 7795 
58 1515 3549 8962 5381 1883 9347 5393 6404 5487 3317 8198 417 1601 3542 3112 4101 5695 3038 2260 1583 5356 8869 30 1644 890 4330 2526 8101 733 545 4016 1116 841 2688 5552 8627 7177 6671 3306 8912 359 6084 5177 6341 6675 6700 9942 6045 7752 667 8091 9168 797 234 8178 6919 5944 3097 
56 4078 2986 1735 4842 4098 7230 5358 627 6168 248 7870 2118 9116 9190 3636 4607 4485 3373 4331 9678 897 6737 9539 754 4843 8140 683 4903 2956 2068 2190 6707 1876 6532 4816 6299 1032 1151 5863 2403 3977 5843 971 2604 534 5131 6998 4378 6079 4509 4723 2493 4553 263 343 6011 
56 3253 4071 4495 113 5192 4781 9852 6189 5885 6455 6012 2605 8681 2787 2140 4372 2753 8617 4969 4555 1799 3946 3314 3258 9022 6713 9816 5824 9247 1870 3352 4804 8811 8779 1678 6651 496 6091 132 407 3876 4215 2446 4519 9932 1202 9994 2103 9446 192 4504 7335 1718 9971 8582 2276 
55 6412 6961 8395 1664 2233 1384 7082 4194 3891 8835 4673 1223 5656 1079 1884 853 655 3879 7081 7515 130 8296 3710 6283 8416 112 5191 2159 3556 2996 4217 2398 8427 7708 449 7961 5261 8961 4581 3144 2459 4707 2616 9568 9590 1279 637 6943 900 7151 3627 7002 8216 3286 2408 
53 3580 5934 1993 1407 817 2714 6110 1251 4661 2305 8157 1465 3701 782 100 3993 1738 4105 9272 1330 5289 5879 7967 8446 2383 3123 9724 5042 4970 7582 9416 27 3757 6667 4118 2617 5111 4110 3800 6796 7721 9468 1740 3048 1091 4041 8683 8717 8654 7112 8669 790 9545 
53 7657 7399 3281 2327 3236 7129 8055 9282 2780 2511 3403 32 5779 225 6638 7912 704 711 9612 52 5901 7817 7278 9844 4784 8025 5911 4237 1999 786 260 6047 1165 3217 2328 9618 7084 7155 7185 7257 9318 8709 3545 5418 5204 7814 2628 6770 2650 1658 9635 6439 8957 
53 3090 3471 7911 5971 1609 1852 9306 3821 439 95 6771 5627 5783 2613 5777 5082 3073 5043 8033 7542 2776 8814 9837 8545 4682 6858 5372 2062 3961 4276 909 3339 917 3920 4304 2317 1099 8347 5673 3884 5869 6702 5251 7269 5515 9 2073 6844 2286 4883 8087 5434 4013 
53 7956 2008 8329 8787 8302 1406 5698 9627 69 8856 4285 5303 4291 4541 102 6719 1455 7984 8638 4879 501 8926 2394 3251 3893 6816 8855 7098 9111 6800 2733 6219 6660 4902 5275 2183 8794 9802 3744 2701 8223 2255 1366 540 2223 5924 9383 3780 966 136 5697 2169 4374 
52 9619 6228 9140 567 5218 2079 9691 1955 6741 9705 1997 2181 9654 8555 7777 8116 6213 4653 886 4550 7812 4002 3450 8383 8691 4055 3078 5575 1924 9704 500 9490 478 2560 3521 2506 8655 9667 6632 123 9887 1234 5077 6423 7424 3080 9309 6289 5476 749 5606 431 
51 3442 2061 8587 190 3640 8699 3572 277 8328 8548 4137 7092 2696 8504 8403 5799 7569 1458 8151 1716 319 3672 3416 6171 1008 4190 6308 1117 279 7137 7969 309 7517 6144 5028 4422 3302 6599 6209 4721 4257 6057 1696 5395 9126 3033 59 3860 9577 295 9476 
50 1992 3167 1867 3168 8557 5856 9670 661 3816 3921 7638 4652 4764 3364 8737 9101 1110 9701 934 9440 6407 8502 3948 2213 6730 512 4188 4912 924 6619 3285 5728 5765 3353 2199 1122 162 5832 145 6781 6489 1011 7087 6691 3484 5068 9390 5269 3386 3514 
50 5868 6456 7070 1794 7180 5743 7846 5636 9830 5663 9559 3666 8989 5234 1910 3793 3930 6454 4853 9562 1248 1733 4497 9292 2023 5329 214 6483 7292 5607 537 2532 5315 274 8733 5216 9173 8907 1103 4283 7803 8589 7660 7371 2914 7035 8174 7834 4197 9536 
51 1273 8728 6901 2507 6849 5034 2422 9412 9640 9382 2967 1729 9832 1460 6639 8243 546 1429 9370 8799 3308 7562 7006 6862 7382 8539 4874 7781 1417 2687 9870 6167 577 9368 1643 7852 8818 2962 1621 3995 236 3581 6635 9719 9717 5774 1614 8089 4909 5046 5244 
50 474 2917 8271 2869 7864 2006 9246 8832 4153 483 5507 1792 989 5228 9923 649 9228 7631 8148 1584 3606 692 7724 2309 1031 3499 186 8470 1828 9142 4960 1401 4946 4398 4627 4993 8144 4688 3260 2013 4860 3923 2024 1084 8488 8939 6685 7539 5029 7441 
48 3055 8731 2296 3049 3918 9052 8020 4299 3989 7428 4250 4171 1963 8176 6896 3648 7829 716 4667 9240 3574 2898 1761 9482 4489 8764 941 9969 4521 1463 7060 3726 4999 8457 4562 1445 2339 5242 3604 2458 2606 9443 8305 2786 653 7215 818 4790 
45 2695 1005 9581 1414 696 3005 6164 8040 7876 9557 1175 8642 6270 9684 1109 3326 7901 6885 1774 7231 6443 9722 6682 3269 1325 3501 4360 2901 1856 1373 7067 8318 8706 4765 4425 2010 522 7977 270 1173 9271 1172 3456 3402 2273 
47 549 4494 7709 8179 3333 5890 5710 9806 6710 9485 1640 9537 92 6280 8030 1324 9527 2622 6643 1045 1980 283 9980 3045 2700 3967 22 6162 801 2708 1505 2387 7596 6100 3192 7158 3162 4517 1728 2114 954 7603 3107 1226 7964 5125 8543 
47 4435 4150 7799 6654 3826 2335 1010 2957 1500 1218 2537 2585 5267 2355 6814 3290 1589 4278 8401 7592 6292 7007 1516 5587 3895 7543 149 3538 4312 335 4524 3639 5419 6092 6522 5905 8234 983 7204 3762 2218 6193 4760 2253 170 7766 9753 
46 4379 9675 8489 4693 9046 9191 2455 7666 6206 8059 9743 9634 1232 2952 2558 9975 7103 8494 9438 6708 9498 5305 4459 9185 8105 4036 1965 1926 6253 2085 1916 5270 373 9417 4923 2595 7583 9279 4702 8613 9794 1157 401 3185 5524 2117 
45 5693 4758 3245 1773 4537 7677 4196 4502 168 1873 1106 6809 7636 2033 2657 7730 9859 9584 8103 7148 5278 8074 4660 6025 5722 6061 5605 4567 2047 6636 7910 7780 3109 6841 3882 735 7888 8066 7639 182 9365 4383 5848 58 7568 
44 568 622 580 6044 9851 4164 200 2566 266 9477 9202 5453 2261 5170 178 152 2397 709 2565 83 9023 1471 3747 8562 5675 1265 7921 9122 5768 8315 7774 3801 3198 2367 9616 7073 6049 2494 1454 8612 2227 4338 8558 5543 
45 2247 7318 6633 1866 1734 3029 1013 3991 7085 3605 3319 1968 7746 3247 6491 9077 9812 2515 8990 1612 9988 9554 2990 104 1469 3379 94 7306 9386 2146 5196 1807 597 9488 5871 5685 7821 1698 5555 9782 246 3712 3589 4445 3346 
43 9084 268 297 4387 9544 8323 9543 6186 1655 1863 9286 2745 9018 1443 4035 536 6642 7806 1395 3443 9361 2547 1075 6205 256 827 9506 6785 2420 3695 8634 5588 2895 9873 2490 7008 8183 8352 7123 8321 7166 5311 296 
44 9563 6724 477 3651 6304 4630 3200 3976 3191 2059 1294 7922 6000 4247 4638 4270 6140 6839 5073 7856 695 8593 9917 7220 7124 6776 1361 213 1164 7396 6231 8983 6732 1548 4943 2080 49 5591 2259 7772 7039 4578 1823 6288 
43 1138 4586 6269 5237 271 5466 3830 3263 7086 3783 942 6356 9134 7043 5699 3909 215 4491 6882 7145 9136 5514 6223 4801 2414 6628 6027 4827 7385 7030 3355 3283 195 2807 1691 139 6968 9241 1574 6351 6330 9993 557 
44 7957 2774 7028 9452 6851 4421 7648 8915 2442 992 2732 7785 9242 715 2174 2040 7120 8807 6036 2375 386 7024 6187 3130 6975 2175 4571 4334 4498 8977 2646 1242 7740 4229 9922 2427 4737 2321 4418 8222 8797 1552 4047 939 
43 6381 5161 7993 2512 2915 7372 9874 9757 5771 895 6272 9262 1168 5120 1193 4347 9963 2438 6138 7414 2153 4369 1901 2365 6471 1029 2336 9725 3777 5079 8899 7765 2965 1848 5065 9323 5388 7332 7487 6715 3994 3880 2280 
42 1776 1879 6198 8586 3865 730 7737 506 9118 8037 8951 2802 3896 4046 4677 1188 2741 4892 6970 1337 6542 1182 2854 5522 7998 2868 1434 5319 6295 5989 7213 6136 3151 8423 9521 4178 6088 8132 5162 6586 573 3218 
42 4058 6662 8840 5615 3068 3910 5602 4115 98 7209 7276 2409 9617 3085 1271 9001 9934 9823 7726 2164 6008 9080 6810 4407 8045 703 551 2891 7827 6095 9342 8972 4010 7832 3529 3214 3238 4778 1290 7696 9354 6494 
41 7929 9216 7114 3384 513 2539 8554 1723 1804 5135 7595 3165 9566 3798 7894 4594 9948 9734 3139 3150 547 9110 8513 9706 4514 7500 7470 6646 4290 6275 5246 2871 7395 3140 6867 1826 5150 8519 1418 6933 795 
41 3371 6529 9935 8277 315 502 2934 3717 6357 6570 9177 1862 7576 1846 280 8938 1245 5041 1387 46 6326 9442 8697 8872 8312 6937 8117 1608 2562 1517 891 460 1801 8100 3983 9331 6664 4695 304 5179 8120 
40 5717 8029 5359 2401 8021 9965 8768 6413 3082 1496 7732 6156 1943 6379 6211 2921 2468 1624 2644 7653 2831 7982 7299 5778 4771 6918 8256 5337 4391 3727 7300 9008 746 1581 1127 1677 1001 7001 9811 7223 
37 9913 3655 7190 8236 2639 3583 8367 1587 2105 9992 2972 1638 9778 4821 37 639 6923 8068 1827 3659 681 4809 9352 1068 3392 1389 7012 5429 9145 2734 3987 1191 2138 1731 7527 3172 9472 
35 8878 3409 9524 8155 290 5838 2673 599 1104 1392 670 8450 1420 122 1357 3473 4454 9480 9188 7294 9285 9028 4265 6017 958 2022 4864 8280 9797 2623 8211 5790 8327 9796 635 
40 1040 9402 5654 5500 3188 6021 8784 3054 1352 300 3839 4880 6601 3062 3584 7440 5464 5308 490 1743 6778 1611 9683 8252 3725 4590 7439 5085 7841 9350 7559 6986 5659 6444 4897 5051 1966 4446 3858 1006 
39 7952 3527 9996 8203 9631 1625 4782 7628 5584 3435 629 2180 6589 5462 6963 6865 3753 6772 6137 2955 2808 4831 6763 2150 903 5397 9415 7308 3577 3769 4780 2219 2389 7469 9193 8910 1374 8106 4750 
38 375 8564 2928 8274 3849 5748 4028 9209 2385 1511 9900 4775 5074 1521 3765 9000 4219 7857 2039 732 9877 50 9181 6234 3437 6040 1070 1277 6401 9162 3243 436 7283 12 796 5647 8480 8210 
40 957 4208 6752 1689 1995 6003 5957 7246 1762 7171 1256 1081 3157 3859 9574 7587 9351 9407 2231 8963 4097 7272 1832 6774 237 7099 5986 5039 914 1467 5791 4650 7748 8043 3093 6434 6073 4156 638 8377 
34 7109 6424 7787 5539 4384 2404 969 7764 2241 3261 1292 8800 4086 9651 4982 2837 6339 3412 7578 9591 1675 765 1616 1953 834 6373 5846 7184 5122 2764 8898 1261 9430 7049 
38 8950 5491 7229 4455 6255 718 3840 2997 572 6784 3784 8220 907 4871 6519 1203 4711 3874 8974 6240 3242 4289 824 7670 2860 8676 4201 9893 7258 5667 3486 3819 4918 8714 1938 1540 9387 3349 
34 6031 2538 9712 6058 5701 7761 9738 5709 6838 893 8970 7394 2861 6714 1932 7353 9183 8015 7550 1727 6835 603 7378 3189 2643 7869 9597 8152 8 8735 9875 1082 8527 7404 
37 734 4984 1090 8573 2518 780 5503 9276 5678 175 9570 3746 2206 5770 275 7271 7791 4591 2631 8381 668 8930 570 9066 9041 5157 4745 451 8769 9339 1928 8966 7303 906 9918 7161 5127 
35 7561 8024 2230 8426 498 8991 982 5012 3532 7245 1595 1603 7712 3621 405 7860 9911 3011 7619 6666 9872 8660 2636 413 2638 5657 5252 602 2358 5512 8647 4303 9099 4987 626 
35 8342 7329 8370 150 2036 4656 5601 4593 7041 6498 2377 6593 8973 4499 8186 5102 6353 5619 6033 6608 9565 7966 619 7454 5321 8732 1107 6055 1820 5752 4315 9499 5408 8770 2848 
36 4687 1651 5572 6265 7255 9549 2781 3493 7840 6476 4213 2842 8257 5210 6094 7149 1065 5692 7222 3332 2834 5984 8390 2545 4574 7354 2349 2707 8130 5355 7489 5423 5894 4424 7783 4955 
36 4214 7553 2426 1588 8536 846 169 6969 3789 761 8956 509 1338 2568 294 6181 7205 7502 5525 3645 7419 8197 1329 9695 6551 9091 5142 7377 1575 9771 1375 8429 1185 1576 2457 8350 
36 3030 7512 6877 3947 3199 4602 241 1349 6967 2360 5014 2648 2141 8760 3267 1790 67 8748 6734 9155 2522 1687 3982 6204 974 630 5392 7973 4797 1437 3240 9650 1205 1951 2441 6613 
35 7119 1323 3176 1830 9575 6538 5036 6336 8682 4756 8631 2910 6120 4685 4988 2859 5981 3808 6442 7260 2222 3763 2994 4448 2785 5096 7261 2161 2301 5148 5788 70 5443 107 8874 
35 9901 8459 7224 825 1518 4658 6024 3490 4139 1211 9641 475 779 1800 1302 6128 3489 6332 1857 4033 453 2803 2437 7932 2692 7055 7423 5826 3254 6637 2094 8905 5339 307 3971 
35 8102 3138 2788 5285 950 3906 7692 7263 6359 8860 9623 4282 7987 6808 2959 1907 3007 9244 3282 1650 1782 1405 4342 468 3100 3932 1665 9622 8919 8887 6461 6266 4077 3836 3562 
30 6403 1024 422 5291 8421 9263 5219 5188 7266 4096 3907 1668 6803 3483 6738 3406 4954 2256 2029 6233 3094 2943 3505 1793 2469 2450 6080 5775 6981 8861 
35 1978 8739 9255 9890 5712 8187 3818 7492 6698 7135 2291 3075 7525 5451 3009 4429 5233 5220 7529 1717 7624 3089 6791 4513 4859 981 204 5781 4287 5459 7851 8098 8337 6853 1134 
31 2015 2026 9761 9481 3785 7234 7843 2875 7654 9424 9375 6863 9355 8680 2662 7345 1596 9428 2058 7016 3960 420 6175 3715 9169 8497 7359 7953 5884 910 299 
34 8520 8086 9556 326 6475 2440 7759 8816 5576 9564 8300 8542 8017 8988 5725 3470 9085 90 8976 4851 8336 6697 8810 3955 5560 1398 7717 466 9793 9369 6177 7586 5817 2055 
34 6160 1860 8715 4848 3375 2577 8085 1913 3451 6237 1725 9288 3425 3925 3550 5023 4718 7298 738 7656 1259 7728 4738 9017 4132 3587 4726 1720 7079 8541 390 6433 2361 224 
34 3693 3311 9487 3544 3066 5428 1745 9962 1985 8018 7532 3775 6821 8316 133 8143 7507 11 2555 7887 7908 2832 2533 6086 3226 792 4218 7431 8320 8363 7163 4057 644 142 
28 719 2589 9742 9657 7770 3754 4111 575 4125 6414 77 1502 6758 2971 8689 3059 4486 6130 6097 3106 410 525 4927 2679 2864 302 8908 7641 
33 6965 8104 4112 5049 7430 6984 4615 4503 6659 2393 4907 4690 2151 2979 1154 278 4359 8992 8135 2756 7547 2195 2066 2101 5075 810 4151 1812 859 4295 8552 5666 9916 
33 6541 7210 7249 4686 4154 9681 9345 9182 6902 9729 4163 4167 3372 7262 9709 4746 6940 6149 114 5007 2239 1382 8853 6846 2655 8570 9404 1906 3684 1295 5547 3929 3618 
28 1178 2324 6346 2543 3901 1412 3463 865 5880 238 5093 250 3397 8812 7003 9310 5595 4755 5056 1739 5839 2211 6993 5057 1306 5280 5499 3617 
32 6694 8848 3510 3396 3966 4875 3970 3194 3904 8407 5101 4921 387 543 9785 863 6391 676 2419 2303 5297 2290 2372 8092 3003 9773 1809 316 5625 7938 2221 3922 
32 768 8458 1869 5955 7253 5409 3721 3657 9516 2477 4884 395 8177 1340 8750 2229 4786 2584 2757 1890 7963 7244 6760 791 469 2985 7896 1619 383 9703 2818 2813 
34 8509 902 3092 839 4020 3414 3036 8876 3098 7642 147 6648 9789 7167 4356 4032 3962 9425 5002 7072 358 866 9603 4480 5015 8050 7540 2598 7032 4288 7311 5865 9747 6185 
27 6252 5858 1693 2525 4989 4236 3231 7341 728 1314 9941 8129 1941 1578 2542 2242 4262 7694 1468 8041 4226 7175 5797 7831 8349 9749 9329 
33 5222 2436 6202 199 9625 1628 8671 6989 6716 3215 6367 2104 4426 5123 1130 2632 9233 9863 2051 2489 4708 3678 5943 3301 1617 1360 7606 1825 8404 1452 9614 2410 1150 
33 4788 864 6669 3915 6615 823 8445 5116 8485 7415 3305 8550 9800 7462 4620 5849 1171 3361 9592 6370 7674 5789 6472 8626 5617 6964 7618 1148 8592 1549 5454 5964 2618 
25 3696 1113 3802 1309 5907 255 5083 365 7944 8873 7605 6286 9855 2800 9892 625 2201 3944 6673 8636 8282 9120 7751 566 6453 
32 8204 7585 3426 7867 2686 6927 7364 2464 1912 8486 484 2089 5385 6908 4533 414 9113 9235 9218 4473 9125 6510 7514 1730 8369 2727 9486 1704 3978 2243 8884 3812 
32 7088 1228 1221 409 164 330 9620 5045 1859 2885 9319 4117 2535 5872 2634 7417 4547 184 1498 2012 5403 503 5129 9470 7054 6553 7991 5435 8463 6569 5055 5723 
31 7711 7319 6951 5541 6141 66 7203 4858 3228 5700 9167 6684 5651 2417 8283 4565 8863 6429 5696 8754 4609 6022 3131 4579 8454 7219 571 3488 430 4145 2873 
31 5343 6875 482 4826 2731 986 595 7916 3531 3466 4353 1771 6799 4263 4647 2713 3846 4464 2232 6549 1648 3237 747 888 1669 7214 7374 3400 3711 8332 4886 
27 8758 3430 6119 1215 4099 5835 106 2054 4394 126 1519 3979 1476 2295 1183 9662 4146 5643 8859 9340 6396 885 7029 3665 1230 6257 8847 
31 8189 1512 442 6474 2916 5433 2217 843 7769 7933 6081 5262 1217 6612 9330 8438 7360 2226 9107 7421 9094 8894 721 783 6534 899 5609 1488 9034 3350 3380 
31 6913 3773 565 8868 5107 127 4034 691 7456 8266 5527 2156 3121 8673 125 7331 5645 7646 6254 6077 3653 2282 650 1076 3787 7739 7485 5873 2145 1174 5504 
31 4475 7927 5425 7690 2999 645 1169 949 8664 2126 7096 6683 282 7570 2501 2084 8668 4822 2978 3937 8052 1184 2005 4791 3745 5121 3671 9792 1514 7307 4268 
24 4679 3779 847 4113 7386 4582 2633 3 5367 659 3902 9315 9006 6383 7695 3183 4413 755 3095 6573 1089 9396 9317 1701 
25 9449 7546 9458 8523 5792 7282 1448 8646 8841 8741 5729 4692 7797 5199 87 8208 4743 5542 6388 3039 1141 2312 3417 2152 181 
26 1105 8786 4371 4828 2320 6641 1872 1539 5364 3661 8027 9866 9758 2371 5759 8408 9491 6315 4589 9197 4126 3440 4641 7391 2814 5230 
29 5245 2198 3114 8795 6903 7808 3615 7315 5998 1461 202 4856 9967 2279 227 5427 8496 8242 426 345 6428 1600 9280 5460 2725 8396 1301 8778 8008 
29 9090 2642 965 428 57 4595 7686 1937 6460 1981 1861 8026 3351 5929 3981 7798 3164 931 2331 8751 9502 2569 2097 4354 6881 1602 8572 616 5390 
28 4948 7314 1986 5054 5366 7847 138 1787 1656 5375 1531 5032 9629 3756 9958 4621 9531 9384 2574 5420 5987 5521 504 5916 5144 5731 1055 3588 
29 1269 9503 4957 6261 6886 9357 7691 6344 4104 7796 8952 4734 2611 3553 6866 9518 838 2102 5546 4817 8625 3934 6990 2750 2165 5508 5857 811 5841 
29 3008 7248 951 8774 448 1453 74 1746 7941 5837 1967 9043 6897 5105 3266 9957 9108 5022 3497 1440 3132 7170 1585 1708 5439 8090 3543 590 9277 
28 6607 4624 4720 9064 9410 9466 3675 2453 3465 8160 65 517 640 800 9572 8366 9437 1566 9098 2168 7095 7264 7126 3945 1379 4273 6650 845 
29 7020 8207 6942 1797 7434 1843 8694 8827 286 4453 4628 2319 2947 8749 2552 1451 7675 4234 3649 9841 6731 5677 7044 4728 2752 6955 4488 9854 8054 
28 4877 874 5686 1508 208 4202 3482 9912 7629 4019 612 5583 3939 7551 5796 1124 7240 2471 8476 36 7160 5922 3943 416 7565 2847 5467 2200 
28 9649 1313 1240 6922 2323 1311 5193 5550 1710 1639 6726 8616 6203 8817 6459 5614 1885 9174 1351 2575 2723 4463 160 5760 4095 6153 5446 6260 
28 3257 6756 656 6048 4409 2011 6805 833 9298 2467 5708 1317 40 5805 3660 5333 2484 7895 7828 8765 9157 7905 2843 7530 1147 8501 1249 7649 
24 7913 3475 2797 6218 6331 2048 2248 1791 2129 7021 5611 7897 6525 5529 2779 347 1036 2553 1506 443 3344 5458 5931 7825 
24 311 8254 3524 2989 6451 724 7077 1050 6948 7848 8528 6860 7734 5755 2475 6411 3720 2579 7338 2689 8364 7251 2953 4662 
19 8773 2074 458 4834 3016 2721 6337 1945 9479 8172 7324 9455 9898 8313 4199 8724 5318 4392 5410 
26 2944 4815 9815 6023 2207 352 8945 808 2969 6447 5704 3455 5104 5706 5963 8852 8358 5288 4083 111 9606 2064 2139 5265 5616 1343 
28 3990 8224 511 354 8191 9127 3974 1297 1904 4990 6728 1597 5862 1163 5133 6043 9907 6957 2743 4616 4508 5469 9296 8482 6487 1909 4568 4725 
24 7862 7446 2292 6746 6571 2209 1783 8291 4979 2197 8039 7212 8465 6798 4402 5109 2925 6950 5767 6973 679 5876 3500 4741 
27 3540 1908 5668 9353 7226 161 5861 4397 1198 1264 7866 4477 8500 877 4389 878 2890 2918 4576 3831 6701 4165 4192 1274 321 4091 3631 
27 6740 5377 4207 8259 2119 7445 7697 2366 5100 3593 1071 1235 1824 4076 5882 96 3186 4009 999 4994 4769 4324 8452 2594 6931 8777 7937 
26 789 2881 4938 4003 9858 5995 8510 6864 2835 8918 4997 3101 6174 4336 814 7858 5153 8723 3464 2262 6107 6285 4308 4962 6278 2257 
25 1194 284 7882 3759 1700 8288 5959 5154 3999 3495 4430 4403 4251 3847 2761 7644 2014 1982 8734 2564 6959 3662 6258 9013 1003 
25 7198 8464 2651 753 6523 5279 4344 1466 9268 7645 1741 7046 6478 7322 3385 2932 2120 7970 7826 3804 3250 5432 5935 3687 9461 
26 9463 5282 4029 1627 5156 5899 8014 9987 6605 1960 8590 1920 7179 1996 6180 2496 8969 4961 7225 333 4610 371 3797 4189 2880 7985 
26 6884 601 1564 9819 7477 5917 2702 9038 1368 1688 6604 518 5482 714 4964 5004 7853 6847 344 1080 7615 5718 2610 3480 9227 4891 
22 9550 3050 4605 8864 8540 936 4093 261 1964 9598 4370 7443 5740 5217 5207 1268 8286 8880 9210 9558 2794 108 
20 563 5756 987 2504 1504 1436 3832 7132 9093 745 6577 3096 6954 2647 2905 1544 8755 3838 3043 3969 
25 8158 8410 8653 6101 6503 8058 342 3949 1934 2374 887 7879 5906 5670 8436 8495 6852 8611 6588 8756 3677 1661 1052 3837 2845 
26 3758 4705 2060 5495 1369 1281 7466 4664 5878 4114 2580 6953 1493 4710 1753 8287 8537 7106 6419 7201 7584 7409 9494 7310 1128 9970 
16 7013 933 4335 5577 1477 9716 2340 2801 1083 9423 3171 1683 2683 2456 9775 9198 
26 2123 5829 3632 9068 2675 4645 8595 120 9089 4279 4549 1166 8705 2685 1671 8417 1167 5354 9529 8829 4239 3954 9669 3724 9860 3914 
24 7891 2382 6078 7665 9054 777 3099 5005 3428 7286 9337 2712 6385 8241 62 5078 6892 7959 8685 7484 1726 1865 2373 5988 
25 726 8440 4914 2333 2652 444 2220 1752 1756 5537 1310 9441 2351 9665 287 8584 4368 6183 932 7946 3422 9239 7676 5474 2544 
26 4511 5516 7494 4245 2275 4623 2107 2948 6386 5472 8126 6565 4560 972 4254 8472 5081 8456 3234 2182 5596 5926 4267 2839 1887 1929 
23 8290 9586 6402 4119 425 5099 8551 2345 1236 9163 7735 9079 2772 8388 2027 6826 1044 289 4998 421 5978 8265 8535 
25 9920 8747 4807 1239 4256 8263 163 3750 5172 8307 7807 9593 4053 3888 9161 5206 9500 3551 1636 8124 7052 4332 8333 1139 3204 
24 2166 1777 4481 8190 4089 254 5352 2034 5804 473 2903 5904 5035 2728 803 5145 5447 2672 4341 4375 1095 5047 3255 5855 
24 6004 9002 9457 8353 7162 8937 397 912 1534 1649 970 542 3452 1853 4386 785 1413 115 2443 5239 2961 4116 9940 8001 
23 9985 9702 9105 5031 7729 1364 8214 3447 5694 8813 1629 7333 5114 3318 1571 5707 2517 2870 3563 9818 7863 3184 2492 
20 5649 4666 2082 9433 6722 7187 9828 7273 4974 4754 5038 3803 8651 3268 3600 3595 5286 140 9467 176 
23 6735 9030 8379 674 6672 1942 7794 9333 3449 4985 434 6267 5139 9835 8399 4193 8393 4183 855 3998 8137 7758 3279 
24 2742 3022 8615 4326 8761 9896 3597 6921 402 4472 5360 6235 6376 3365 988 75 7279 5349 6176 4611 7591 9439 7714 4310 
23 8447 2132 9949 3119 2663 6161 1393 5143 9779 4701 5852 9688 8846 467 7159 7786 6468 5290 2976 9178 5494 1153 7289 
18 3578 1977 5092 4845 6038 3142 5314 5680 1162 2347 1238 5772 8602 8053 7983 5030 7356 6721 
23 8073 7193 2473 5724 7915 5690 6696 1004 8094 4777 4651 7743 2350 5483 8409 1484 9674 8866 6941 8221 5545 2019 2897 
23 4648 6575 2551 7344 1480 4689 355 6727 1905 9879 1946 2739 9366 2485 574 4975 9399 7388 4926 3405 5224 7996 465 
23 6053 8614 4940 481 5603 1299 9838 7004 7626 6824 9447 5655 889 8643 7942 8771 2083 8180 5750 8311 7625 1137 398 
22 1697 4088 1487 3393 883 2025 3845 929 8659 8141 4529 8954 334 7168 882 1694 9148 8858 8658 4242 7968 9673 
23 8892 3453 9037 348 6121 5933 6106 8987 8601 7999 201 8844 5203 9302 4680 5965 6653 2946 8405 2823 598 4506 2908 
23 6239 7000 9130 607 461 9284 4087 1308 5313 9553 4449 4505 6372 8466 8460 340 308 7544 4149 9025 664 7057 9573 
23 5721 984 2982 9070 5967 8051 2402 3905 6775 5786 2093 1388 7918 3768 861 3899 532 7992 6368 4945 3535 2421 9711 
23 8566 5650 6512 9158 3122 4944 2415 6064 2057 3404 8729 8498 4632 1990 6109 5930 7590 2002 9434 1570 4 1758 2755 
23 3104 7710 7479 9364 8782 2653 1768 6832 3782 7790 5739 1237 6938 1618 6555 6354 5671 9413 5342 8195 7979 5631 7038 
18 1563 2031 2052 4221 4770 6313 185 1457 6554 569 7181 6343 3084 341 411 5644 1641 1378 
19 4644 977 6751 8843 2596 2192 1839 8721 9964 4131 51 9692 1149 6621 4363 1472 7980 5953 3569 
22 7768 7174 4713 7558 7762 15 7010 7288 4168 5019 8889 3342 3881 5331 2666 2435 1957 1380 4785 4683 8716 392 
23 9011 7668 6526 3102 6932 3811 6925 9534 1424 1396 7661 4461 337 8600 9780 1334 6661 5095 3248 9206 6151 9454 2586 
23 1142 2937 8806 708 3146 7366 9264 6883 7009 2116 8583 9867 3013 5231 6318 6668 5640 7597 1155 9676 2249 7533 9532 
22 3368 3502 3513 5400 5844 7048 2737 6625 2850 1499 8264 5186 363 2306 361 628 6421 5787 944 2287 5011 8057 
22 6155 9751 2578 3220 5952 353 2534 8650 9221 5167 9400 1025 7328 1760 3079 1187 5836 9596 7183 3644 1837 4640 
22 209 9180 7425 7066 4404 8953 8193 4443 3233 5630 1672 875 3467 8927 8875 8114 5492 5754 8663 3892 3012 8217 
22 4635 2000 9846 9394 9273 3429 9219 8743 3487 9886 5357 3359 3376 7027 9356 7317 8507 9373 5414 9214 9555 5682 
21 4084 6729 3345 5579 9822 4406 9056 9460 8293 7875 1690 6531 3187 8478 1231 3223 4079 9885 1495 5225 6467 
21 2523 376 6537 2270 6268 9159 918 7651 5992 7958 3935 1770 5807 3630 3567 4269 3303 3730 5264 9259 9891 
22 493 1845 4063 9731 5374 5298 3547 6406 3072 8532 528 2081 5115 2001 5258 7304 2460 8877 2730 471 5044 6221 
20 6745 1949 8444 9015 5386 10 9335 3609 1606 829 5993 5691 4294 2354 4963 9656 5831 9119 8238 2163 
21 2495 4024 7682 9645 4965 8662 8687 5117 6539 4899 3525 6464 5363 5247 3485 4757 2488 7202 5623 4697 5714 
20 8902 849 7448 6580 8272 2867 2154 1307 5016 634 1572 9422 3822 3413 8235 9791 8451 6624 6051 8964 
21 9869 9135 1634 6098 8505 6898 9508 9790 4388 2017 4322 5132 1444 5633 1214 9624 5845 6991 4691 3586 2691 
21 2690 1252 8652 4441 6677 3338 4747 5243 8903 2254 727 1657 5823 1754 2503 2624 8487 7669 5058 1962 7881 
22 9495 5674 4141 8110 3044 9576 3271 2264 9225 9630 1591 7139 1526 3076 8354 6314 7026 648 7427 9067 1622 5586 
21 4255 146 5816 4872 9062 5208 2042 4675 4906 9358 9431 9946 3506 860 1788 314 5544 2550 82 2940 4124 
19 9864 6173 4159 6389 2931 9299 450 7871 1975 6117 7033 2798 4671 3942 1287 2888 6210 2271 3313 
21 5017 6409 9561 6066 8785 7647 235 8917 1933 9060 2215 9583 9762 9807 3558 3856 79 1086 242 4649 3021 
21 5540 7277 990 8609 2809 6201 3174 6983 8127 7351 5336 5194 6759 3481 99 8867 2583 2098 3863 8517 9281 
21 7373 1365 2167 6243 4209 2078 8492 3714 4244 2236 6709 8944 356 7358 3523 7833 5928 4554 5918 6016 5571 
16 8184 1474 515 6006 6962 2587 7945 3018 3766 8299 2886 9266 593 4311 9661 4592 
16 3147 2852 2498 5632 3796 3599 2778 3927 6506 3613 5416 2069 8384 5362 794 9906 
16 6912 7337 1181 8516 2299 2186 5945 6790 6869 3407 5257 1397 6978 9061 9176 4292 
21 1363 5347 380 6380 9303 1930 9082 3686 1057 8258 1485 4655 7725 1732 9772 9040 2987 3448 5896 9374 3883 
20 8588 267 7309 5962 9031 4654 1541 2364 1283 8165 2572 1446 7247 752 8142 8790 7268 7722 4700 8453 
20 1524 5628 5088 5405 7503 7488 8475 694 28 6224 7560 7100 3820 4298 9984 2767 2258 2148 7011 748 
20 6125 3354 772 2121 3117 1979 979 2016 6378 9801 787 8931 1927 3996 8205 2827 3641 3042 6294 9172 
19 2782 5241 5622 559 7381 7793 1921 5582 7718 42 6154 3764 226 3235 2929 9010 4570 556 7154 
19 1970 881 6013 3394 3476 1871 3454 3592 3813 5793 2381 9904 8206 7607 4556 6302 9290 5937 8503 
19 6245 5732 6279 3790 7830 1199 1383 2087 2500 6812 9293 6626 6230 3941 7880 3310 4904 8226 5493 
20 3512 4017 9647 8610 1779 2246 9444 1098 8842 3395 1535 9535 1556 9713 9814 6979 6093 4490 9700 6096 
19 332 3940 9151 1831 959 2722 510 4539 3356 3300 5946 5912 8322 5190 2194 3681 2540 4108 3289 
19 9845 4704 1260 5941 7749 2935 6312 153 6578 134 3004 5648 3526 8839 7297 1195 9123 4911 4540 
13 6039 9636 6802 4001 1243 3206 2266 1028 3074 16 5973 7017 6595 
19 1267 6133 7555 9639 6848 2115 4060 1604 6281 973 6949 5215 4626 1919 6070 3264 8078 4759 4158 
19 5626 6473 6172 9065 7931 3434 6085 3968 9718 9170 2826 9448 8752 3642 1362 8279 3113 8424 710 
19 457 2984 8665 4302 6681 3154 9278 5559 9389 217 9728 9445 736 1991 4983 2131 455 5825 4243 
18 8792 8167 8909 4147 8097 5481 9103 495 6131 116 2144 4182 915 5126 13 5688 7906 5551 
18 1177 9199 4328 7903 1415 6157 7164 8314 2995 1775 9029 205 220 7954 7426 5745 6559 8122 
19 2649 1 8529 3952 1715 6165 7403 9930 7397 1786 1296 3953 8635 1073 8270 6250 1115 778 5753 
20 4507 3468 7693 4639 2234 2557 3625 5379 2311 8181 2676 6945 6408 555 4061 5833 3427 5202 2830 2597 
19 3557 5913 4123 9512 4366 6820 9324 8432 5396 9275 1811 6787 2820 1262 3792 6766 3898 1805 5665 
18 5920 4205 8998 9652 7065 6363 5097 1371 8922 9978 2763 9051 6065 9189 3387 9507 9736 8154 
18 1959 9100 7274 4953 7080 8933 5052 6262 9699 5496 4306 5236 5084 5749 3019 1408 9990 418 
15 435 5593 7387 9143 257 4898 2793 6145 8011 7706 4928 9961 5024 5003 7951 
17 9385 1430 252 7763 9230 173 6264 412 1253 4527 2968 6037 3419 336 1987 6010 7042 
14 7108 5815 1891 5925 4198 1765 964 1877 9689 5703 7801 1764 3559 9131 
18 6536 633 3867 6999 5238 7062 4092 4280 8598 9050 9594 191 5612 673 5893 5889 4416 2926 
18 5954 8298 2173 6657 7823 1747 6134 8576 3738 9587 6891 5687 9895 1258 6976 7437 4049 6479 
18 1421 6062 141 7727 6056 1047 9939 4272 5106 9367 6773 1749 4240 7192 4142 1573 3637 4766 
17 5307 3205 6041 6566 7872 3293 5094 2447 4166 3034 7452 3063 2529 2334 327 4133 9915 
18 6634 6251 5070 4924 3992 3213 9194 7340 6178 9435 919 167 6432 4600 4542 298 1093 9834 
18 2216 6567 5426 1679 2332 7898 5785 5166 6561 346 6823 9501 6535 1074 8522 4606 994 8069 
17 210 6420 2128 377 2370 6146 4942 5810 6679 7667 9908 7736 7800 7416 669 1961 1304 
18 9744 8412 5260 7614 5684 3494 1078 5747 6928 4073 6303 5327 1026 7290 2353 7943 3928 1300 
17 47 657 2527 6426 5268 6513 2740 9607 8469 5401 4427 2514 2877 3327 869 6148 1350 
17 4107 415 7498 8072 9321 369 2612 5383 322 7919 2855 3071 8345 8082 7436 7459 7460 
17 4863 4862 9341 8182 9379 1096 8108 7047 7978 6276 2392 312 2872 8893 9307 5599 9638 
19 7102 2406 382 2769 8007 6059 2348 6142 7461 8757 8365 9465 1482 8608 5773 5436 8943 3965 8147 
17 2112 9833 2790 9849 4074 4136 8247 4025 6309 1769 4715 9660 6631 2865 4996 675 976 
18 6200 7633 2407 5201 8004 4351 1702 760 4176 6617 9973 6792 4284 7343 6481 3719 998 9326 
17 3334 1721 8801 2796 1537 3221 5733 7265 6557 5736 7291 8295 8849 8275 4479 764 6063 
18 6645 4355 4767 9192 7296 4947 2694 487 1298 9582 45 6074 8387 6958 5455 1868 1318 6606 
17 2338 2368 9156 3469 3031 7392 8437 9945 2378 5053 3771 8579 8483 2423 5312 9909 2724 
17 935 6274 8820 3211 7334 272 8359 9919 9991 2991 5185 3015 1156 6323 6895 4157 805 
9 2384 5621 6229 564 1895 1969 9004 3284 690 
9 8670 2896 2792 5634 2703 4162 207 7756 3120 
17 4657 9179 8413 1875 2444 6089 4915 3736 1590 4030 2344 1112 804 9493 2277 8959 6300 
16 6550 876 1755 3181 9205 4232 8218 1814 9053 2567 6014 1490 4230 6768 2133 5293 
15 7379 6630 4532 8904 5340 4852 8512 1836 5066 8914 9745 6788 7589 1479 3656 
17 212 4854 5830 5610 1819 8851 4423 6572 5590 6232 1858 5506 9154 1129 8260 3041 4120 
16 5711 5158 1282 947 7516 6874 8161 34 3700 8248 4447 5098 9129 1599 4040 1327 
16 5295 2178 4857 4937 928 8064 5827 5463 5378 7523 7842 8380 269 7390 8808 7472 
13 1803 8493 2602 3919 9363 7130 1126 5618 3023 7413 7719 9668 7375 
16 318 313 9741 8534 4340 8339 6947 850 3598 6688 4169 6028 3322 5130 9977 2326 
16 6208 9897 1568 5001 9998 938 2413 6530 3590 7917 2849 5146 3143 4971 6087 9304 
15 7196 3685 2037 2765 1058 1094 654 2466 1766 8971 5345 4901 5549 1060 3125 
16 4482 2075 4773 8063 916 8624 2451 5761 1712 5638 6335 1049 4968 4577 5563 9097 
15 4830 4274 6596 880 816 4173 4468 3158 5223 393 3835 3273 5485 1939 8870 
12 2297 9392 1976 3980 1321 3911 5118 4612 4752 4339 2836 737 
15 3566 9505 5660 4224 4561 1781 8281 3752 5010 291 2726 4956 2127 3612 1878 
16 9735 35 7457 3537 4722 4663 223 4932 538 2088 6449 2815 1085 143 5361 4042 
16 4228 7513 578 5221 1394 6880 7754 4210 6545 750 9124 7577 1390 8753 9294 7093 
16 6340 5287 3829 4314 8150 9739 5320 8325 6611 8418 5932 651 8468 9336 6019 7058 
14 4352 2330 3052 6042 3137 9899 2811 1486 6435 8199 8879 447 7731 4220 
16 1326 2706 871 7663 3173 8431 6859 4850 5430 3917 5450 4995 7051 1473 707 3259 
14 4973 3227 9238 3210 6868 7926 198 1092 9580 7241 1347 6687 6242 6113 
15 3680 4405 7143 2439 6102 4608 9798 8805 4148 8162 1059 3533 6212 6782 3528 
15 6430 5008 1176 3731 2715 6811 8081 4748 647 1759 5840 1594 7673 5048 535 
15 507 7152 4981 5176 2762 6977 7588 5136 2478 4614 8355 5834 652 2329 9552 
7 1135 952 7892 2202 6482 2993 2196 
15 8940 9232 7078 3496 614 5870 3374 6980 1742 351 7031 6417 6445 770 3975 
14 3594 7778 6946 1320 1042 1449 7923 1737 8032 2911 5412 7813 7742 8740 
14 6563 2110 2315 5486 3222 4712 9843 4362 4442 7688 2936 7165 1522 9721 
14 3740 7037 2754 4358 7352 4762 1707 558 1358 6108 8391 5977 9024 5063 
14 9613 4415 5062 8693 3159 7101 1806 8936 6516 4668 1435 3571 8837 6191 
14 9289 2556 8798 4840 3570 9175 8526 717 2844 148 5531 9960 3503 3347 
11 1973 3232 9547 7420 6511 4367 4401 54 7136 5536 9484 
14 7662 1660 93 4625 9821 3704 3323 2894 1744 6046 5505 6676 2376 9677 
9 3708 8780 9697 8065 6427 101 6035 1377 6761 
15 2470 9497 6301 2729 6830 9542 1464 9653 7518 3431 6899 6249 3591 1931 1948 
14 8995 7811 5394 2933 5664 3973 9989 9211 7121 5960 5897 3718 5676 2203 
9 8965 1947 3634 6936 8623 4261 1064 424 3723 
14 5662 7643 698 4365 774 2682 8233 7094 5820 3280 9057 1014 4977 6104 
15 7579 5994 2966 3776 6674 7802 6282 1432 6369 4972 5284 7233 6355 4563 8947 
14 3116 2184 4496 3216 9092 8294 836 4004 1818 788 6311 548 6241 8700 
14 7380 4433 4802 5730 5373 7520 2003 441 323 4252 7705 2656 2795 3679 
14 3833 6248 5306 6452 1034 3959 505 4900 7659 9260 1813 6214 1462 4799 
14 7097 8038 4832 1041 6020 8672 5181 3256 4672 2637 488 7295 2609 8633 
11 1002 5021 4768 9755 1816 1241 4082 3864 3889 5652 4678 
14 1685 524 9322 8767 2431 6620 21 604 9664 6720 2310 5850 5159 6350 
15 1186 3439 7490 9671 744 4876 3136 6431 706 8678 2970 4134 2289 6603 7235 
14 9804 7176 7316 9270 456 1654 2561 2050 5151 7885 1795 4808 7228 8838 
10 7347 6297 6324 9081 6184 8619 4551 5683 8083 1923 
14 1102 3624 7267 7630 5520 7960 4238 3001 5 1703 4054 828 8641 1569 
11 4467 2680 6755 5877 2524 5338 1542 6032 9220 1456 2664 
6 6321 2654 2879 4364 9599 1213 
7 3647 7275 8344 2629 9567 8701 5232 
13 4493 9478 3722 5976 561 2142 5484 2092 4333 2070 6935 7989 579 
13 8348 6582 9659 6602 7189 8525 80 2204 4380 9756 763 3180 2964 
14 2825 2857 2645 4824 991 6325 6226 3118 7478 911 5322 7069 2819 2225 
10 873 5910 1423 339 1780 1915 6005 8825 2136 1225 
11 3291 7534 3844 904 7157 7023 3728 259 2822 6112 8414 
14 1046 2907 9139 7672 7285 8335 1894 2071 9615 1144 1645 762 7476 4538 
13 6825 5782 582 2923 9826 2462 3006 2091 9295 1772 5316 6291 5661 
14 6966 5457 6009 6306 105 305 5532 1520 189 9648 3046 5961 2697 5370 
13 8173 2548 7142 8343 1342 6054 2416 2744 2379 844 8411 5461 8666 
12 4836 2122 8857 8153 996 1056 2483 3081 6616 188 2100 1341 
10 3362 6793 6736 2889 5509 3548 1077 6725 5900 7393 
13 8188 1944 6680 5608 2461 4235 9839 6929 5178 7904 7878 9058 962 
13 6480 8237 5124 1431 9894 2749 9236 8006 6769 1623 3390 8201 7623 
13 3325 230 5211 293 6974 5763 9453 7050 6501 9883 756 9146 4846 
12 9109 7342 4012 8745 1561 7521 6075 8885 2342 5895 9608 685 
6 7716 9644 9147 7563 2902 1359 
13 8194 8667 5380 8284 8471 9788 1925 2405 4967 1935 5248 5758 7115 
9 7779 5344 1119 9708 2063 6594 2592 7053 1367 
12 4450 6850 5801 3277 9682 2380 3472 33 2487 3492 8888 6840 
11 2717 7924 8107 6416 8010 9398 7859 4548 5597 4140 1559 
12 3433 8239 8481 4212 5738 8016 7071 4381 2491 3441 4779 26 
10 5562 2760 1525 3209 6371 73 7242 3853 926 1722 
6 3321 2630 470 6576 8891 3478 
12 4629 2693 2599 7125 6813 288 9083 5898 9760 4735 8374 8156 
9 1778 6904 2283 539 1280 5949 1663 78 9765 
9 499 819 7720 243 5518 9787 5653 6817 2049 
5 2176 8895 3703 1204 4432 
8 3608 8815 5229 5346 631 2251 4476 3985 
12 3169 7194 9026 1551 9456 4144 4051 4934 4000 1983 3690 165 
11 6247 9687 4569 1538 7408 262 1354 9540 4286 1333 8331 
5 7468 576 7496 2922 2134 
12 5169 5764 592 7259 3682 1007 7788 3179 7744 9714 4510 4716 
11 4709 8819 6699 5470 5980 7747 3852 9338 2433 1882 1699 
12 5437 2882 6678 1322 5080 2454 4751 8561 3343 5431 8508 1020 
12 7191 9160 7627 2546 1918 8704 3363 6287 4172 5138 8538 5174 
8 368 7940 815 5624 8389 4812 9764 9829 
12 39 3432 2021 7090 7536 2263 7497 5762 2096 2858 9878 5173 
9 4048 7113 985 6259 6099 1303 4931 3229 4929 
12 8035 3278 1914 686 3788 2111 9856 8056 7850 4015 3791 3741 
12 6762 8620 6495 6116 6543 6225 6972 1219 8095 4599 9831 3688 
10 1553 643 5556 3748 4730 4175 1216 6520 7836 7784 
11 767 8830 6873 8906 5908 9047 2155 8657 8923 446 6405 
4 7227 3507 3134 247 
11 81 9810 6462 8549 8565 7368 324 4275 4976 3611 9726 
10 9381 5382 8881 581 6256 6622 8202 9184 438 8726 
11 7535 285 4992 9748 2876 5152 8900 8240 6717 3014 3825 
5 3358 9231 8304 4820 8948 
10 2171 5864 1709 129 3794 1936 8828 9095 2698 6917 
10 1676 2670 7510 155 179 5330 1615 4925 5883 2806 
5 5991 776 360 6384 7467 
10 3669 5134 1428 2004 1554 9672 3296 5272 6465 6795 
10 4744 3534 7363 8822 5326 1666 5828 9642 1579 2677 
7 7355 7483 1229 4573 8441 5842 4811 
10 494 7971 5391 7753 9933 9533 8986 5198 6158 6994 
6 6879 2125 3297 5072 4991 3337 
10 5847 7610 4043 870 7195 3320 8702 1285 8251 3504 
11 5557 9784 1051 4395 9966 9245 9862 4174 4753 6819 5859 
5 7575 1411 7059 6614 6349 
8 1208 9754 9588 8949 8048 1385 9827 2773 
10 6597 8099 2684 9880 4152 8473 6217 7450 784 8862 
10 967 4204 4121 5475 5171 7280 609 3957 329 5819 
10 9836 680 8031 8170 3060 7367 5197 3702 8622 3619 
7 3381 350 2549 5489 1659 2032 9770 
10 3315 5658 684 8061 9578 2499 4952 3304 5812 8113 
10 2343 216 8935 9865 3900 4572 1849 1400 6124 7524 
9 4065 8244 7635 2428 1533 9257 1847 5637 722 
9 4636 7014 9943 8946 3091 9903 5776 8230 8319 
7 3193 9541 6564 4492 8762 432 7601 
9 7068 6197 3178 8845 3519 5325 9861 948 6470 
9 8546 946 3360 5570 367 5705 5348 7789 2530 
7 9252 3635 2162 5580 8249 1633 8019 
9 5679 9397 4584 1289 4122 362 2474 4823 831 
6 364 3536 3020 6348 4281 4622 
9 1459 5140 2768 3805 7815 7854 258 2615 2298 
9 9579 6581 4950 5103 7775 3330 1808 8278 2516 
9 97 3135 5502 2237 5384 1893 8934 8215 6322 
8 7239 9474 7250 1854 8394 4936 4231 8080 
9 4819 3699 5635 5530 7200 8913 1481 5561 2337 
9 6907 7757 4135 8115 7056 1035 427 2998 3265 
4 6377 454 251 1426 
7 4520 1416 8356 4516 702 2300 3903 
6 908 3689 2269 264 3633 6514 
9 7679 5734 1889 687 3733 7930 7997 3848 1646 
10 7150 3292 4258 7622 9621 5164 6995 7771 5294 2509 
9 584 9152 7782 7844 7491 6889 9986 6509 1705 
9 8809 4698 3027 2124 4436 3868 4412 1087 6518 
8 8245 594 9471 3810 14 3676 2608 6477 
9 379 6692 7504 600 5000 8836 8276 5669 2983 
9 7501 7707 7741 905 7703 1954 440 6988 4127 
7 249 6540 589 2851 9663 301 7410 
9 3694 5350 9153 2668 5365 4438 5950 9253 5108 
2 7948 1682 
6 3614 6397 8999 9301 2502 2840 
7 867 2191 6382 9076 995 4191 7146 
5 1529 9848 7218 712 8581 
6 1016 3828 7699 940 3890 6365 
2 5480 2308 
5 9251 9732 31 8070 1088 
7 388 4470 5639 8661 1021 6914 4069 
6 233 4810 1763 5581 5404 3749 
8 408 3438 6801 7634 7127 1180 7899 7182 
4 5371 1736 6441 464 
1 9459 
6 5914 6114 605 822 1586 3408 
7 636 3163 8231 1108 4500 9600 1478 
2 4011 6600 
3 2212 4419 8606 
2 5983 3246 
7 5317 7153 2619 3809 3312 9921 8718 
2 9483 9049 
6 7680 8077 2582 2481 879 8430 
1 2736 
4 7684 3926 4005 3887 
7 624 7556 3061 7767 9509 9601 6 
4 1143 3389 2747 7519 
5 6744 9021 4530 1706 5501 
3 8192 613 5821 
6 4559 9055 9258 1536 5811 1009 
1 3202 
6 8793 3508 7671 8341 0 1642 
6 9229 6560 588 2302 8340 4580 
6 137 2678 6887 4774 4181 2411 
5 6319 4100 7658 4763 2007 
2 3936 1131 
3 1381 1713 8490 
