140 6689 519 4618 7475 7499 2576 5424 5716 9799 9207 5027 394 677 2424 769 109 7471 583 2784 3459 1984 5996 3196 9320 4959 5205 1630 8484 842 5112 8338 8521 697 4050 9628 1489 1994 2635 9769 2245 5422 665 6196 1631 2600 739 245 2352 9944 9144 3646 9720 9408 5212 9328 5323 2874 8530 2841 8560 9195 7594 5642 8261 485 3862 4806 5999 3894 7750 4440 3573 2281 5259 9248 8524 6996 2065 7839 930 5966 8428 1810 4634 3446 6556 3244 3401 2699 9204 9096 8533 4916 3336 5128 4837 8005 6395 3713 8649 3568 4783 4740 2267 5195 1507 2719 7845 6992 8012 2563 4519 7509 8639 4408 480 7776 6390 1288 5399 9646 6317 4841 9931 1158 2252 3335 3287 2363 3984 1662 6828 6492 1019 8036 8925 757 1653 4393 2554 
122 1066 3817 5335 8175 7463 4601 4346 6783 5860 273 4377 1353 8518 9698 3564 6115 6329 5769 4855 8425 5060 166 3239 4833 6457 2626 9602 4109 6916 5213 9045 7572 8219 7323 2681 1386 3786 8637 8112 1902 6818 5069 4958 3270 403 6493 3622 6425 1391 1896 4031 292 6345 1532 2804 9075 9950 9222 7301 8984 678 2884 1767 4699 6939 3561 1402 7805 357 6629 7221 6488 2396 3115 3391 701 806 4847 7447 4316 8511 5947 7865 1370 3201 1850 868 3658 366 1971 9783 3916 8942 4684 38 9086 8577 8109 5927 7855 7473 2746 1497 632 7981 2046 6546 9936 1136 6693 3931 6358 840 2862 8594 5974 2318 8684 4803 391 2658 1254 
110 88 5497 6002 4094 2432 585 9626 554 5902 1528 8698 4008 6780 4143 2559 6924 6123 9405 9401 5535 5818 4742 5566 9696 4703 419 119 956 6338 1530 6842 4546 1527 6446 560 4986 3770 8981 4867 7117 9655 9882 3421 135 8228 6905 2395 4866 8136 3295 6705 4248 6930 3316 433 2817 6366 3565 4259 6179 2189 3912 6030 3070 4535 6469 6001 4619 4518 7541 6704 3382 7689 9618 8569 9604 6590 7715 4382 4313 5277 4444 7216 4670 2909 3517 5209 7481 491 5942 6496 2210 9343 3415 1903 3369 7281 6934 4484 9953 2853 1293 623 6723 7238 3781 4348 1207 1972 8850 
107 606 9888 5086 8310 2920 2020 9393 9020 7141 4056 8213 7849 5304 2603 4882 7704 5948 1372 9406 19 4665 9974 7975 3795 8823 6742 1491 6749 1647 6026 1557 4585 4064 8804 7232 2434 2482 5620 514 6579 646 4293 5076 7873 5040 5301 7305 2513 2452 3761 9074 4044 8621 2938 4264 9388 1125 1012 3842 3963 2041 9327 7505 8439 7820 7819 7598 4155 5585 7063 1196 8531 848 6328 1063 5013 2980 7925 5822 8166 404 6754 7755 3854 8392 6334 9905 1950 4129 3871 9786 4795 9005 44 8674 4813 4277 8690 8499 5874 9517 5449 3110 5592 20 8301 2508 
99 4525 8708 372 222 4307 8559 6952 961 157 6361 5881 8406 541 5875 4910 8629 8262 975 5089 3585 3148 7442 4920 2799 8236 671 2927 9951 8462 6893 1152 8324 660 531 7792 8644 8597 993 3851 9611 5256 463 5569 6163 4787 9881 4515 4014 1048 4843 1834 8603 396 9889 8544 5249 5309 4893 5180 385 121 4039 7564 4849 4816 7538 7886 4023 6166 7910 6690 4598 4075 1483 3707 1798 3241 2824 2521 6592 4676 4896 2307 1133 9014 4271 8168 1312 8802 2821 2090 1822 1958 4296 5720 6458 759 5944 7723 
91 423 1305 9305 4894 6695 7861 2278 7965 5727 3579 3575 1605 2963 7116 1030 8979 9012 9805 7602 8146 6307 9871 9947 3616 8575 5554 6182 617 552 6871 64 2924 1886 3370 2386 6757 8062 4130 5050 8645 5163 3509 1686 2272 7620 2400 1197 4789 1179 53 3474 7339 5183 6743 1989 7616 3908 793 7868 7076 9982 8169 5271 7128 9414 3878 2588 3348 6508 953 2149 7681 7480 2775 452 9371 9746 3378 9432 1425 6878 8002 8980 7824 4729 8375 6271 8185 3087 4185 6533 
85 6466 9409 7429 3103 2429 2313 8675 7435 5227 4260 9733 2711 7406 4414 2904 5757 4794 8346 9685 6900 6360 2235 1355 3124 9710 2570 177 4327 6956 9475 2108 7604 9226 4062 8871 4266 779 1692 1598 8928 3799 5389 7169 4890 3299 9213 1145 9884 740 8076 151 7549 1632 2590 7256 508 2325 124 5526 9261 8491 4534 6050 4543 3956 3460 221 5806 60 3040 9332 9427 9115 2224 7818 8648 5407 9196 2170 8163 8267 8710 479 5266 8897 
82 2519 6663 6815 741 2571 9679 7188 672 1438 3951 9473 8783 4233 4873 41 7580 6747 6836 6316 5511 4376 1580 1222 3420 9842 7312 2900 2045 3133 7698 523 6909 2846 7422 7949 8746 9300 2829 9983 7935 3673 6290 1840 5351 9224 7321 7474 1072 5565 6829 72 4478 6861 4457 8013 3582 8362 781 7107 8474 2043 5119 8461 6440 8145 3275 858 2391 1043 5814 5413 9203 7083 9589 8372 5368 4451 6448 3286 3458 231 8941 
82 4839 6277 1543 9514 2941 5406 3410 1407 3697 5113 2738 5510 55 6296 4935 8434 4558 3875 2856 4101 4318 6739 896 3958 7567 159 8093 3203 1101 2035 4247 2304 3623 8079 7384 3606 3843 7178 6926 8993 4878 9774 4067 1450 7326 809 9902 4343 4357 6712 520 9730 7893 5921 3010 5200 9857 4552 3153 6797 9217 7199 228 7022 4216 3683 9243 9212 8712 743 927 901 9850 1404 9937 980 7976 1210 3950 2322 8232 2659 
83 2735 4059 9707 2720 3869 6706 219 3546 1637 1784 6485 9166 2641 7287 2531 8574 6029 3067 5477 8766 7236 4223 5187 6450 8713 9429 4617 3885 8273 9496 2044 4564 9972 4566 7407 8916 3182 7389 6779 5009 3997 118 2398 370 997 3873 4452 8920 7327 4870 8725 7738 5568 1567 591 7254 3479 5061 6105 5353 4596 4681 8479 8834 5283 9551 5037 5456 5735 2833 8196 3923 9522 8865 4922 3520 4350 4531 3664 4018 9334 2185 9472 
76 2465 3444 7040 8703 3025 610 1332 6139 1170 3596 2791 9768 3160 3461 7877 4170 6159 3058 3105 1684 2250 2077 8772 4544 8118 2661 8034 9035 4195 9992 7493 3866 8695 9419 9492 3924 3141 8591 7237 1275 3152 6609 6707 1974 7177 2137 2688 3195 9344 6497 7313 7883 2906 6486 1270 5490 8046 9032 6195 1419 7566 6400 960 5784 9637 8091 4522 68 5923 8738 1403 7611 7834 3080 3346 3069 
75 5018 6831 5235 2316 2912 6767 9523 3667 7687 1635 7082 3208 8209 3462 4706 802 6392 7685 6068 2520 6584 832 6971 3663 4300 2640 3366 8831 7045 5702 6987 5473 5951 7573 9114 6375 2607 1796 5956 6436 6504 6552 154 4903 8250 9420 3331 2789 3212 1069 5448 4501 3716 2369 8985 5488 5468 3872 9059 5175 4180 349 6394 5302 2625 2113 3093 86 7131 8744 4399 7133 1120 4203 6750 
68 3090 84 5299 1097 9003 3855 3236 7140 4885 6502 9087 530 3197 4575 3411 7243 8128 3026 4372 7034 7548 4643 244 9104 5803 7822 529 5289 6764 2766 5356 9208 3610 1345 2213 6655 2960 5958 6777 7531 851 8896 4800 9027 3841 3834 1032 1673 5274 3670 7144 7593 5165 5110 6528 5594 9767 5972 9200 7138 4905 6827 3000 7405 6524 8138 5543 2671 
69 5324 3156 5440 7401 5341 2828 8932 3276 6199 4428 24 5808 9666 1200 4200 7554 6352 9511 6652 1667 7172 5189 6703 2314 2143 8101 2425 3691 8125 6857 3328 2614 527 4045 6437 3053 3602 2950 4323 4978 4597 2662 1188 7966 2863 7907 3823 63 9016 8060 7495 4631 3814 5328 8707 7105 8683 9069 9308 3886 5515 8308 1680 1091 9776 6872 4186 8171 925 
72 5970 8477 920 9752 7928 6843 6263 6656 1593 945 3424 9595 1121 7574 4225 206 1201 8419 3807 7208 2992 3418 2930 9132 2095 8742 193 8691 2179 1470 5519 3340 618 6833 8833 2205 8628 4669 545 5292 7418 963 841 2988 8049 2158 2294 9995 7545 6071 9715 7838 4487 4462 4466 7369 8398 3274 4434 7955 9955 6505 3626 587 4861 4908 729 3857 5798 7111 2770 325 
70 4309 6807 4637 5445 9670 1227 658 7612 4583 5744 892 7451 128 9274 4246 3938 7683 7637 5746 4297 3047 1441 4021 1250 5853 821 5160 8164 9632 4587 1348 7197 1255 2505 6374 2228 3083 4776 7217 2341 8688 7939 9234 7914 1988 5558 9727 1291 2705 4674 9149 8567 6341 6675 331 3357 6844 5726 3734 3576 1898 9088 9391 5936 472 8269 2704 144 2130 5244 
66 1209 9325 3607 2356 113 9291 7293 7129 1883 2357 6804 5006 3024 7465 2399 5892 596 9171 9633 6398 751 8882 9265 8869 459 7817 2497 4456 3314 3772 2601 7967 4682 9694 8656 6806 2892 9510 4512 6415 214 4106 1911 2674 6347 9825 6091 4917 3628 1719 3399 145 5131 7074 8781 642 4633 8515 9215 9717 8371 56 2188 913 900 3698 
67 187 2135 700 3555 9283 7810 9411 4781 2536 7357 328 8309 5393 2293 4410 6438 6718 9450 5766 9610 8378 5713 8854 2260 4227 9133 6103 1509 4930 8547 3077 1592 1387 4805 689 9150 3556 3127 7543 1828 6299 4902 6837 6854 9107 3668 309 9201 6640 5843 5276 5438 1851 7412 1278 8386 3002 6598 9808 6500 9876 6789 3522 6011 9635 3897 5434 
63 7070 2949 4090 61 3988 7455 1315 8376 6558 8435 9078 608 9316 5719 172 9795 3636 3112 8796 4749 2160 1523 4714 9370 7900 4085 890 5033 3672 5567 8159 1266 8067 1116 8763 8317 771 6215 8400 5421 8360 5026 2891 6906 2459 5641 2816 9994 4458 8455 8997 1952 526 6007 797 6273 3035 4215 1547 6748 1336 6997 2208 
61 5934 117 7640 5381 9581 6404 6658 5990 7156 5369 2838 8835 6012 2605 1465 169 3477 3435 5695 1601 2919 3038 374 2023 7081 8617 4696 8814 6920 7091 2515 7411 1501 1748 103 9378 9605 2956 2068 3383 2268 4222 4037 7 5795 3037 4179 8775 5940 2030 3175 731 8488 7617 9887 3652 2138 9168 9766 1247 8131 
62 9313 8640 9976 3457 4098 3294 7398 2106 3329 9813 6741 8736 3816 5387 611 4007 4613 5303 4396 8243 4331 9678 5879 4206 7370 1008 5915 3436 2945 8134 862 2 9023 9571 3511 1449 1469 754 3977 4016 496 5938 407 1577 5149 6490 2446 1881 955 6651 534 4545 5177 4731 131 5613 8123 2449 5253 6890 4319 8957 
62 3549 5300 3149 6649 9187 1724 1838 7889 1674 3976 8449 9137 3554 1276 9297 5182 5656 1079 3732 7745 6082 1583 9526 544 281 9981 9968 2390 8960 8212 6982 7508 9073 7098 9111 5552 8442 9009 2403 8811 8234 8776 9063 3309 3815 6568 429 5741 1926 3995 6623 4474 9759 7814 6194 2286 758 4305 5398 1718 5854 9476 
59 4758 29 8420 3743 5402 3249 6654 6786 5358 3541 3129 1223 9164 8042 7211 3190 8368 6216 1884 1644 711 9612 30 2958 5901 7746 2526 6888 9247 1870 5191 3498 1714 3262 4460 171 4026 917 3920 8084 4102 9173 4081 8794 4860 5607 8096 9525 8321 9390 6635 9719 7950 6685 662 6364 2238 3064 5538 
58 1335 4842 1993 5598 5218 8149 699 3170 9691 720 168 5025 4869 5240 6034 3057 5866 4555 1263 9165 1220 2665 6800 2388 516 2479 9022 6713 9816 733 6856 1117 6811 4330 9969 6219 8961 6079 3217 2328 2146 8255 9036 4707 7752 971 4814 4509 3581 2103 6944 2223 9781 406 8178 6919 1244 4732 
60 1867 9675 8395 5192 8787 8329 3918 4437 9544 6192 4980 3821 615 381 9680 3108 2140 2076 4792 4541 9033 8075 1643 7361 5534 4398 5442 8268 3648 1681 6733 9237 8361 2700 7608 4038 4217 6162 7449 7961 7890 3806 1157 2621 5246 3423 8223 265 1829 7349 2038 6209 937 3126 9560 6246 8044 9312 7391 2408 
58 6822 6961 489 6418 4536 1609 9128 7104 1100 6711 9926 1503 1997 1233 9562 1910 9202 3701 782 1738 4969 2667 4879 5310 4211 2810 8285 7542 4400 8025 112 2996 2190 8627 3913 521 1711 2584 8151 3155 7652 7526 1161 5673 9007 2028 4161 149 8216 8443 667 6052 7302 7151 2604 6770 1510 9690 
58 3629 713 3307 1735 1815 1447 1888 2899 6110 5214 2975 7870 1054 8059 6638 7692 8116 826 3373 7837 6587 7278 9844 4784 5411 7812 5564 728 857 3339 1328 4739 4919 8692 5452 9959 968 8912 359 8733 6047 7400 6796 3876 1366 705 8696 6310 6057 1740 790 8352 7964 4553 6507 2606 8582 4951 
56 1273 2883 7956 2327 6456 2942 627 9246 5487 3317 8198 417 655 2787 3879 1175 91 6784 3793 704 1417 7920 1458 9141 7724 924 9292 6970 5715 276 8545 3483 3078 8415 4881 451 5765 6083 3706 725 9667 6632 8427 1279 9942 1445 2339 4993 1202 2321 5476 8467 5275 4374 9532 9536 
53 1757 1664 6670 6189 5885 3005 8557 3572 4661 248 439 95 2973 1550 1272 3993 2187 1494 4798 1062 7691 1081 8826 8446 2383 3946 2506 9028 3139 6763 500 4276 253 162 1053 1265 8911 7421 9440 2394 7740 4504 7974 562 7348 3033 8638 6667 4118 644 5273 2617 1038 
56 9847 2986 7799 9979 2296 3049 9347 9306 6455 4673 3601 4285 5888 2181 9654 4485 4888 922 9190 6407 897 7120 9368 3308 7562 4497 232 5548 5824 256 9643 5681 7018 7486 9853 7582 9416 7336 4187 1807 597 2067 5800 7089 3488 2650 1658 637 9956 5270 635 4041 4723 5939 5606 8789 
52 2917 7399 3281 4495 8271 9820 9852 3176 8382 9382 3921 8681 2261 8955 5799 7092 3073 2072 5263 6067 4642 2901 9101 1980 283 8289 4237 1999 9348 8003 1017 4694 7995 8907 1103 110 3131 5863 7517 6144 5419 7660 197 8183 7596 9383 6585 9938 5111 4160 4865 9794 
54 4071 8731 8728 8962 1414 3692 7180 6168 9627 8157 2455 2511 1792 8989 3542 4607 6270 2771 7515 9832 3499 130 6422 8494 6799 2241 9988 6858 449 2062 3961 4804 8697 8872 6289 1678 4719 2317 1099 3306 1373 9309 8634 3604 7803 8589 3780 966 8089 3518 2243 749 8874 8543 
53 8292 2061 7318 1005 8587 6269 3891 8328 8548 9640 4115 8791 6305 7759 5228 9546 886 2753 934 3710 6283 8416 6292 3065 9980 4970 399 3948 3674 547 1165 9490 478 2560 3521 6671 9468 4550 9802 3744 3884 5869 9590 7708 5591 7424 3627 7002 3724 6700 5629 2169 142 
51 7957 3471 7911 7186 1384 696 4194 7428 4196 6710 1955 152 9116 6814 92 6280 7777 4653 649 2776 8926 3450 8383 5523 3285 2159 8403 5675 3416 6171 4526 827 6423 5315 7067 3352 7827 4524 7213 3260 791 1901 983 7204 3224 5867 1892 4383 5848 234 3097 
51 9619 6228 1833 2507 1794 2233 1406 1852 8351 7086 2934 7737 9538 1324 7912 5043 6809 7207 546 9859 1924 9823 7726 4711 4190 5372 5073 909 6522 9318 5722 2687 6532 4912 2199 1122 7030 9142 6599 158 7402 2701 6876 9269 5575 58 2255 6853 5415 653 7795 
48 1138 9140 4066 5971 3640 8699 2079 3947 69 8856 5777 4137 225 241 2409 6719 1455 2898 9106 1612 1110 7231 6443 9722 5155 8883 6682 5157 9706 5832 4055 3144 7292 2974 891 6097 4688 4422 3302 3545 5418 3172 7537 12 9753 8327 5697 5555 
51 303 2869 6633 6044 567 2006 2422 5636 3403 4502 661 2957 8504 7492 9846 85 1862 9077 9923 2547 1716 319 8470 5911 6816 3258 260 9080 6810 8140 6036 4334 9704 4999 8604 7571 5337 4391 1696 2878 7087 6998 4378 9971 7084 7335 5524 263 343 7112 2273 
51 3167 2008 8179 3333 3168 817 9851 9282 2748 5507 9830 5663 9559 1733 1968 6639 1232 3930 7234 3798 7276 1248 7220 3757 4105 9928 8312 1463 4562 213 4889 1856 8669 7306 5528 192 6619 2218 7721 3769 3484 3128 540 3254 304 9311 7702 8607 6084 9811 557 
47 7657 4494 5222 190 5743 7846 9412 1588 7638 6021 2967 5453 853 9537 7730 3666 2558 9837 2468 6491 6737 9539 279 2039 4489 2109 1750 2274 6253 335 2895 6126 2047 9279 5768 5728 4312 4581 7539 4650 7748 8174 7371 9932 8939 3994 3514 
50 6381 4150 297 7064 6901 8024 2714 9469 3490 7874 6771 5627 5783 2613 8367 5779 6593 1245 1104 9566 5305 6915 3251 5600 2375 6025 6167 3379 4521 3538 8318 7982 5587 3895 3726 6781 8924 6236 4459 4721 8769 270 7185 7257 1614 5065 9323 2073 59 431 
49 3055 7929 8630 1515 3826 7864 277 7648 9254 4153 1640 1106 100 1863 9286 2952 3326 52 8799 1774 2362 83 6730 512 4188 6205 4801 6862 4874 7781 8709 1505 2387 7155 4943 7852 9126 132 5242 2493 8717 1011 3048 9616 4425 5077 9545 3402 7441 
47 1560 6724 3442 580 8020 5771 8784 3989 830 1963 7382 6570 9134 7043 9228 7631 8148 501 8502 8807 683 4407 2231 22 250 1876 9870 2616 6691 3933 237 5079 8208 1517 4287 8144 5588 2458 3192 7283 6193 4760 2914 1084 2253 4883 8654 
47 4078 8342 8489 4693 9046 9191 5856 7666 1010 9485 3789 7901 102 4764 9617 6896 1429 8103 215 1123 586 7341 4591 1471 1761 3130 6975 2175 4571 2085 4933 2427 7159 3777 4627 9443 1607 4578 4864 9446 2962 5388 107 5269 6045 4013 5179 
46 3253 6198 7709 477 9052 5698 4848 6265 2305 8085 9527 5267 4966 1109 8030 5082 4491 599 2086 692 3443 8105 278 7260 801 941 9498 4360 1885 4960 62 4253 1548 4574 274 1953 4315 8677 2628 3983 9241 7603 3107 1226 296 170 
48 6412 9216 6160 9901 7114 5034 3865 7249 5699 4250 6186 6048 7785 9242 2033 9975 8033 9701 4498 2309 2438 7006 5308 9554 2990 6332 186 4809 9188 7294 6660 1389 7012 94 6295 7024 139 522 2010 8797 1552 9568 6702 3712 818 4790 6439 3032 
46 3580 5161 8509 2324 3384 6164 8040 7876 9557 4291 9018 8795 7118 1182 6213 8296 7984 1584 6882 9584 6000 4046 7353 3967 8074 4660 6033 6608 1151 2803 2183 7137 7969 7300 9521 4178 5251 7269 6489 8364 7350 6339 7696 1454 8612 7223 
46 2247 957 375 5615 6752 4208 2566 200 9634 1460 7922 8642 8555 9570 2355 1589 9809 9272 1330 9778 3574 5042 3045 2632 2837 6776 2420 621 4036 4517 958 6187 2365 5355 2490 9417 7869 2643 5204 7073 2764 4702 8613 9250 2276 5046 
45 549 4379 6529 9935 4537 7230 2401 6206 1218 2537 4652 1331 7171 3319 9742 1725 1587 715 9000 4219 5464 1031 639 5216 4096 3332 7272 1420 8457 7060 4304 6586 6937 5989 246 5162 8100 3162 7166 6943 1691 1575 3589 4445 7783 
43 3371 4687 4586 3245 1773 5466 4164 8203 2657 8915 4035 5135 8951 2802 3896 8664 1045 4111 7894 6138 4667 3150 1907 8963 9425 3437 2150 903 1068 6636 8853 6646 4290 6049 6986 9066 3529 3214 2786 2114 954 295 6479 
45 1992 8840 8564 7229 7512 5710 2118 9874 9757 9705 2639 6356 6643 8970 2292 2921 5462 6963 2622 716 9001 7145 8855 3406 3353 8068 1687 2522 9285 3801 7003 8066 7639 236 1728 460 3151 8735 7035 8043 4446 49 4338 8558 939 
43 1776 1866 8086 9452 8055 9806 3068 3966 98 3414 2442 5838 2673 7636 7829 1943 6839 2565 5278 7148 6240 2756 6308 8779 9181 6234 1395 1916 1337 2367 7279 6841 3882 735 7888 2080 5685 1172 3456 8087 1823 5068 4955 
44 4058 8520 2774 7028 3029 1013 3991 7085 1873 4630 3605 5170 178 7246 4278 6885 4594 9948 9724 3893 2997 2532 6156 7414 2733 4946 1329 8305 9122 4765 7308 3577 8347 2734 8818 2985 6136 5817 8592 3987 2280 7766 1173 8210 
44 5868 2695 268 5359 6304 8832 718 5120 6498 989 8176 3290 2732 7856 5219 3765 6223 7857 9482 46 663 4880 8143 1932 2644 7653 6429 5233 3355 4567 1608 8117 7765 7396 5075 3727 1581 6968 6266 7039 4909 9577 3860 9430 
42 9563 6965 4984 2788 2335 4421 4299 8868 1729 992 2180 9543 3247 2741 4677 2141 5329 275 8764 2955 9185 7552 5074 2414 5605 6454 4853 681 8977 7806 8256 6401 7780 3109 9438 9 7977 1574 6351 6330 7568 9387 
42 5693 622 3409 3651 513 2539 4455 3915 8554 4171 9375 1311 1620 4871 9276 3157 3269 1325 3501 8593 8539 184 7385 2965 8887 4827 6095 6040 7963 5085 123 2595 7583 2013 3140 6867 1826 5150 8519 1418 6933 795 
42 474 7952 3527 6424 1251 1869 3830 3263 4602 1500 8187 5701 572 7103 9623 1168 2164 5514 9361 7007 1516 1029 9506 6483 2256 7299 358 7124 4342 765 2871 7055 7423 2807 1234 7026 4927 746 2094 8905 1242 4750 
42 9084 734 1879 7993 2512 2915 7372 3375 4387 475 2780 7263 4384 8956 509 3909 6140 2397 709 9136 1357 6061 490 1743 9110 6385 5196 551 6092 8899 573 9091 8015 9873 6732 9597 8152 8910 1374 8106 7123 1951 
41 4435 4788 6694 8021 5890 6255 5957 1723 1804 9345 3784 3583 4270 7271 2663 8485 3267 7761 3123 7592 1340 682 9331 7454 3198 1578 1621 4923 7774 7821 8655 1617 7469 2545 4737 4197 5774 1698 8527 9277 638 
41 5717 5343 6662 5572 8370 9965 1995 266 9118 2585 9564 2831 4213 7209 6615 280 8938 5133 6772 1720 537 9917 8450 4097 2808 4831 6542 6697 4110 3800 182 5905 619 2193 6227 755 7374 3218 3238 4778 8222 
41 445 1978 9402 6849 8277 3910 1830 6413 9738 6024 2385 1511 9900 4775 2174 2040 6519 1203 2631 6838 5986 6149 5525 5102 8732 6055 8045 570 2562 1401 4086 7158 1801 834 9797 2623 8211 5790 1001 9796 1929 
40 568 7119 7320 2928 8274 3188 2518 6985 5584 4593 7595 3165 3062 3584 8225 6642 9240 5039 386 3747 8562 6738 6444 2336 9725 3639 6100 2222 577 1832 1812 7832 9922 8423 7008 1467 5791 6073 4156 5857 
39 1040 8102 9996 1625 9255 6069 5668 3544 3493 2105 6698 8737 4347 1271 7222 1352 3753 2151 2979 5122 2834 5984 7578 9591 7099 7921 5028 2024 3486 7559 5924 5846 7184 7395 7311 6434 5029 1082 626 
40 7561 4475 2538 8323 6851 7677 290 4782 7628 9262 982 9962 3261 9812 9177 8988 6641 7547 2153 6785 6008 6734 824 5522 7998 2868 1434 5319 9893 2533 6086 299 4859 436 7303 3349 5395 796 6288 4047 
39 8950 7088 8302 7210 5654 5748 3840 5012 1693 4139 2745 1521 9516 4892 7167 7654 9963 3085 670 8750 4454 9480 3397 1624 2022 7332 8676 4201 9145 1361 7489 9193 1966 6918 8363 1127 9918 2450 6080 
37 6541 7711 1228 2230 8426 498 7787 5539 3082 8191 942 8542 2404 8901 2875 2089 8748 405 2854 104 676 7656 3011 4771 4954 1382 5392 7378 6017 9008 8132 316 4303 9099 5460 1677 7163 
40 4214 6794 1860 8715 8573 1240 9657 506 3721 2578 2377 8800 7770 8990 3425 4821 387 536 9183 1302 5981 27 5007 8280 1596 5512 9603 2066 8714 9271 9437 5148 2157 9486 1848 9875 6981 1261 7215 1134 
39 3030 4877 1323 2436 5049 502 846 9477 8816 780 2360 7576 1846 9288 1294 6708 8974 3470 9085 9629 1965 6774 4513 9386 8381 2494 6233 8635 5423 3003 1375 469 5560 5647 4424 1549 5280 8898 5547 
38 3693 6135 1090 4184 6202 199 5285 8682 4786 2440 8220 907 7843 5770 8401 1638 3621 9734 5093 8186 1224 914 1171 1650 5261 4609 8983 8315 1398 9877 7973 9169 4418 4218 1107 4987 8884 9339 
38 8204 8029 3655 9556 9631 9575 3783 7190 1349 6967 6476 175 9729 3054 7987 6601 7529 9911 9424 1314 5778 6758 2971 2437 7932 2646 6428 3695 4791 2301 7717 2259 401 3185 9499 136 7001 7049 
38 768 8458 1024 482 4826 5712 9712 6058 9684 9209 6128 2393 7712 1790 7791 2104 5537 77 695 6027 8252 6628 4514 7500 9125 1070 1277 4229 9683 810 8972 4010 8429 1185 1576 8282 3386 6494 
38 3008 5491 271 7927 4112 326 2036 5036 7245 300 3839 4638 7764 9641 3228 3874 6326 3495 6923 1727 703 1717 7624 5397 9415 9695 6275 6846 195 1938 4982 6715 8859 3665 9703 4918 7404 3569 
34 8878 3717 5955 4658 1762 2059 2464 1912 4282 3075 7525 6808 2959 9479 3007 7072 1857 7887 7016 4486 6130 5145 1675 8754 4780 602 2358 6088 4755 7261 8098 9354 3880 8480 
33 9913 3475 9620 4028 2781 3775 8686 2054 5451 1820 7532 7205 7502 865 786 50 420 414 5333 7908 2832 9350 7170 3226 792 3095 1148 9650 1205 4641 5230 70 5125 
34 8758 5282 8991 1655 9743 5428 7642 147 138 1787 5188 7266 5692 2861 6714 4163 1065 2708 453 7470 3725 4590 7439 7258 4738 204 3094 2943 1731 390 8541 7527 2618 8120 
35 6607 7020 3138 730 3200 9524 5234 5601 6969 4756 294 2648 4689 6181 8160 5101 9886 7354 8197 9565 3960 5199 1039 7324 5321 7487 9773 3189 5311 5964 6433 910 906 8350 1150 
35 1269 7329 5500 7319 8586 951 7386 7041 1412 1309 5907 2842 4685 5041 1461 2129 6778 8513 2757 1890 838 3089 6791 6666 9404 5871 5667 4726 7054 7896 7772 5458 1306 3858 1006 
35 5245 315 7224 825 1518 4659 6336 3970 4356 1369 3505 9934 4690 395 11 4125 6414 5220 9428 2611 4448 5403 9352 603 3100 8706 1600 5752 5659 8320 6534 1540 6257 8847 1191 
33 4948 8739 4635 150 5686 1913 66 5291 1443 9263 1338 2568 4718 5709 1656 3233 4359 8992 17 2097 2655 8570 3906 4283 3932 5252 7618 6589 6664 4695 2638 3922 8861 
36 8189 1512 1734 6756 9487 9353 6984 4615 5678 4875 7808 3859 4734 4499 1967 9043 5725 5651 4234 1824 1468 7670 2860 7345 5775 5609 6396 7905 3412 383 2843 430 6461 5408 8770 2813 
31 9449 409 164 7840 7665 8421 5014 2374 1985 4002 5023 3009 4429 8283 9941 8129 1941 6370 3301 9017 9342 4797 981 410 525 9793 2785 3819 3684 9967 7985 
36 6913 1651 3092 839 4020 5602 2999 3818 5576 6081 1256 7415 3532 6821 9407 6574 4988 4369 863 6471 2303 8966 6835 6383 466 1437 3240 4226 2598 5459 7851 2219 1290 5435 8463 3618 
32 7109 7430 9819 8768 761 4724 1595 6218 1799 6605 9785 4979 1392 2279 9709 4746 2419 2029 1782 1405 3059 9365 6637 5617 1665 1164 3715 630 9993 2227 4103 9326 
31 2015 4666 3191 8671 6989 6716 3215 6367 1193 5210 7394 1603 3999 3372 7262 1996 2239 2489 4708 5691 7514 7841 9518 2555 3106 9775 9771 9782 8497 5127 8636 
30 6031 5829 6357 9182 986 3098 7569 2972 1639 4828 3925 2636 3763 1292 877 2417 2389 2012 227 9892 9041 6668 4745 2767 2145 5839 2361 1619 3480 1602 
33 2589 3990 3849 9890 950 984 823 9481 3785 8018 8037 893 1800 6353 5619 6204 974 6940 9758 8930 8660 9310 5595 5916 4288 1669 6373 6959 783 6177 7586 3812 3969 
32 2944 6875 565 6220 7434 2696 8876 6538 7096 8631 2910 6120 3645 6863 9355 4032 3962 7507 3385 3982 721 3243 1360 5096 1611 3283 859 4295 598 8008 8454 2211 
31 7913 6951 6903 4403 1745 9858 6865 3305 8550 9800 7462 7298 4834 3473 7619 7331 2873 503 3678 9162 1616 650 7540 8130 2005 8647 8625 2200 1928 2441 4124 
34 1492 7553 2426 6765 4207 57 7690 3513 5503 8257 2206 2989 8027 2319 6122 4033 8873 7605 6286 114 3392 2201 2953 3440 4151 2195 5002 4077 3836 5443 4189 2880 7825 2055 
33 3540 8459 6877 1843 5541 6023 2207 8860 1257 6331 2048 2248 3231 5583 9113 5123 1130 5655 7360 2226 8680 7728 747 5657 3720 5142 6860 2725 7214 2847 1701 9749 9329 
29 4679 5352 8155 4034 691 1211 659 2525 2051 1783 122 6798 7570 5696 4851 8336 6551 5527 1506 504 1739 4257 1906 5051 5055 1730 9396 6022 8022 
32 9090 5237 2026 4686 9549 4409 3114 7916 7915 6359 833 969 8760 126 9872 518 8863 1259 7944 5427 1076 7695 4132 3587 6950 3787 4886 8908 8572 4324 7937 9916 
32 9649 4511 9267 1904 2916 753 3036 330 4099 5835 106 8523 255 6908 4533 9442 125 9866 9531 3361 373 3944 2994 5788 8092 4265 307 8 2456 3978 7161 7264 
29 7862 1908 3220 8379 1496 7732 7282 8316 133 6921 2535 5872 6803 7646 5645 2542 2242 4262 238 7431 36 888 3671 9792 5057 9369 1055 8337 7175 
29 6403 895 6261 3364 3451 6237 2453 4167 9789 4263 3625 1217 6612 3979 7419 8734 8689 9470 6315 4589 5884 8041 1083 4473 4897 7938 2221 4273 2152 
28 1105 5756 5107 422 2320 6659 5375 365 6696 286 5385 5083 9244 3282 5611 5789 6388 468 1174 9218 2925 2161 1648 3237 2689 6595 1809 6613 
32 2166 6884 3396 7255 6474 8445 3802 7135 2291 8510 6864 3657 3 4549 7440 37 9155 7798 7550 8496 9529 7126 5781 6211 5429 7244 6760 6258 9013 1003 3562 5841 
28 719 3119 3615 7315 7445 5700 4236 2477 4884 1154 9651 1163 5614 7796 5574 3183 9863 1793 2469 9223 7359 3242 9095 7565 2457 9351 1887 2117 
32 7198 7585 3426 7867 2686 6927 7364 428 5193 8026 1504 9330 1476 1264 6442 8817 3981 4647 5826 160 413 2014 7644 5521 8313 8919 9622 1841 9120 7751 2848 5672 
32 8158 8447 6003 1628 4938 4003 1239 4256 74 1746 949 6094 7149 2501 732 5729 4289 9233 5706 803 5643 7694 6588 9340 4463 1704 1141 8626 2610 5542 4662 8377 
30 1113 9463 5425 3354 8653 6101 9761 8263 8486 4656 6451 724 8177 543 5849 4565 2229 2102 1477 8408 9491 6510 4083 5873 1726 1301 8778 3892 7641 302 
31 3257 2742 1689 8133 8747 2577 645 2797 4895 4907 1872 4921 3466 6391 5105 7587 5805 7797 8465 8668 3937 8052 1184 4146 8894 7029 7606 1488 9747 5935 3711 
26 1178 208 4202 3482 9912 7629 4019 612 575 2139 3489 4453 2947 5739 2800 6957 2282 2197 899 6673 5022 9296 9614 1147 571 616 
27 6252 1 8937 6902 6746 2885 9319 4117 5472 6897 8438 2633 4560 814 2484 7895 7828 5144 2727 885 8602 8404 1452 5508 7219 4268 8069 
30 3311 4648 3510 3199 1627 7253 5409 1215 5116 4113 987 2504 7021 3907 1668 4621 7160 5882 3467 9592 4464 7338 9488 2723 1708 6990 1825 5499 3279 224 
27 311 6402 8259 5837 5792 8266 4856 355 5172 7615 2634 6231 4547 8050 2471 9907 8969 4961 5015 1440 2371 4267 443 7032 3543 3929 5723 
30 789 8786 8536 32 1221 9037 4477 3901 6379 6346 1198 2713 3846 1597 5862 668 6604 7674 5297 2290 2372 6343 3084 2905 3452 5494 4728 7044 6955 6185 
30 6150 2198 442 7226 6119 2119 1453 127 9458 2126 1771 282 3039 1753 6174 3121 972 9315 9006 2168 5364 3661 2707 5767 6973 1295 2890 2594 1230 1089 
25 3696 8595 9064 5967 1531 4989 9167 6684 6726 8841 8741 6866 8390 1917 4389 8810 3955 4251 5121 8724 7953 2752 5666 2818 2163 
31 5858 5517 8224 6942 1797 656 6272 3194 3904 8407 1368 1937 6460 3016 1827 8813 6372 4822 2978 4480 866 2349 6153 9148 7485 625 3497 5318 5731 3500 6111 
29 2123 3104 4815 9815 7686 8615 1189 2675 9357 5550 3754 7645 1741 7046 8288 3553 2295 1183 9662 9235 4579 5153 3132 7918 7307 3400 7251 3838 4145 
29 726 965 8207 6922 4957 6648 9394 8973 6886 595 9070 4371 3808 8616 1502 1235 3428 9855 5231 2743 5759 4508 5469 8369 4392 5410 9034 3350 3588 
25 563 4017 5861 3974 1297 7866 1981 5032 90 8976 467 8436 878 9384 8771 4576 3831 6731 5677 4308 6569 7649 4057 108 6964 
27 1194 4154 4404 2323 9466 7477 4944 1752 1466 6571 2209 4663 7179 8889 8039 5943 2058 3649 9841 5454 9606 2064 8756 5058 5876 675 845 
29 8290 9503 9105 3066 2333 9410 7309 4326 2366 5100 4397 5004 4093 7417 2859 7377 347 6549 785 4368 2575 8242 4692 5797 7831 8349 8552 4962 6260 
29 902 6410 4088 2731 1281 640 7456 1710 342 202 3597 4628 6043 7860 3351 5529 6180 2496 999 517 8172 1482 4994 4769 2421 3417 1379 3971 3380 
25 9550 3050 7203 4858 5579 2467 2402 3877 9221 7734 5367 7551 5796 1124 7240 5740 5109 6852 4199 6107 5239 8090 4402 8001 5390 
29 8848 7768 284 8464 2651 9681 6013 458 3746 5878 8366 9358 4582 4964 1075 8650 2340 931 2331 8751 9502 2569 9413 9674 3934 5439 9854 3863 5504 
28 3758 1363 1986 4807 1508 9002 4595 7933 9268 4104 338 8500 1050 1317 67 6077 6175 356 7225 9426 3660 6411 4997 9467 371 3797 5044 9025 
27 7891 9011 9625 6141 9127 8694 8827 1004 8094 674 3902 6459 8307 9665 6137 1498 2101 3365 9957 6183 6285 3943 416 679 5987 7714 1343 
28 8104 6053 1260 4245 5495 6313 2275 7769 8659 402 4472 239 4009 8291 9572 738 3164 9716 5755 2475 2779 5203 2728 7409 9494 7310 4725 8501 
29 6740 3779 5816 5054 2982 1169 7941 4664 1859 6386 7004 5880 7807 3072 2712 2772 6337 9174 1351 6278 5965 6553 4610 51 4620 2794 2814 6453 3883 
27 9920 3773 2783 448 7162 2217 3531 8952 4406 5154 1539 3101 1920 855 8673 2093 1388 5772 8765 9157 1661 2579 8528 5467 3745 5339 5865 
28 400 874 6420 9042 354 4366 462 8945 5998 1897 7647 3524 8601 3266 4076 9598 2232 5038 3803 2647 7739 3250 5056 1128 6881 936 6573 9227 
28 8566 8440 7446 2690 1845 4605 2543 2969 9284 1934 3847 9163 3939 3550 7897 6525 344 2750 3653 5447 5546 5922 6487 7183 3644 2976 321 181 
27 864 6669 1142 8614 4940 6805 5952 7729 1364 3463 6728 5243 8903 8476 1945 1572 9161 5206 4131 9260 1044 2946 5718 8396 6931 1249 1052 
22 3578 1977 1299 9838 5995 8755 3052 9333 7735 9079 9108 1671 2932 426 4928 9692 2120 6621 4363 811 7826 2410 
27 6735 7248 4705 2060 9949 7847 5899 8014 7366 8918 912 5704 3455 5104 3449 1237 2761 1520 6847 6419 7201 7584 1683 2683 9198 2148 5545 
27 8774 1697 483 3680 3022 3102 3465 5156 1791 4394 9879 8540 261 1964 5288 8141 727 5420 3142 4095 1618 7991 3422 9239 2312 3945 5225 
23 5649 3468 7693 1700 1166 2220 9139 9987 3832 7132 7786 3342 7590 8584 9777 9780 2721 9898 4149 7591 9439 3914 1758 
26 9985 2881 3632 7882 3759 9731 8801 352 3099 5005 8590 1310 7848 6948 8646 4341 9356 2826 8723 8358 4354 4239 1514 4310 5596 3021 
24 4644 4990 5400 847 6161 9298 2345 1236 1756 7879 887 6176 574 8472 5081 8456 3234 932 7946 7597 8124 2839 5265 5616 
26 6155 3368 601 511 4639 7479 5045 7794 2011 6727 1448 3856 6925 9867 8829 217 4488 8514 9500 3551 1636 7833 8877 5446 2845 6539 
26 6004 9495 9869 6503 5628 4503 6832 2156 163 3750 8214 4430 2116 5906 5670 6406 2672 8880 2034 9280 2027 5978 9210 3804 5760 2540 
26 2523 5090 3972 9457 8353 120 2270 929 4426 7187 2373 3404 5360 1493 1566 5640 8537 1571 99 7676 333 8452 2692 1080 3043 4120 
26 8073 8448 9314 3502 4713 629 2415 9054 9574 8460 1649 970 2084 2254 7388 8286 8388 5078 2262 314 7052 9178 2864 3012 1139 6870 
26 6239 6473 5017 4481 4645 1942 4623 6106 1960 8662 9593 3756 9441 7333 5114 3318 8495 1268 75 5894 421 3223 9317 2730 5035 5631 
25 8978 6125 7337 3051 3117 3345 146 5959 5208 6447 5313 808 7106 2485 6376 4165 8651 3268 4192 1274 6941 7484 5988 3535 2597 
22 8184 607 461 7466 5708 6625 2850 6565 5052 6478 745 6577 7443 3004 3248 8205 1585 9423 8611 1982 794 4741 
22 8578 2480 2107 777 3845 5143 4279 5804 2299 6006 9093 4632 2801 9094 988 7544 9676 2679 9669 4817 4091 8054 
25 8892 3603 1326 5433 8190 4089 254 4441 4654 6722 714 3593 4845 5963 8852 8812 2918 4743 6954 3954 6701 140 5047 6721 7093 
22 1563 6066 380 990 484 5386 5139 7286 5929 5019 2948 3659 8287 6472 5129 8409 7095 4700 1095 8424 9558 566 
25 4084 9586 5650 6512 9158 3122 4244 9553 4449 9779 6203 4777 363 9828 3344 2001 4974 861 6421 3998 2165 5623 392 8685 5931 
24 8792 9030 6575 2551 161 6098 9822 9896 7823 5992 7999 1057 7743 4370 6683 1413 9098 2347 1238 5432 9711 3687 9461 6302 
19 8773 5913 2835 1946 8293 4710 9630 2553 5286 3595 87 4413 9958 111 2564 2961 4116 1865 9915 
25 3430 435 5917 4914 1487 3393 8864 15 1861 4773 4651 2057 5852 2685 7853 1167 5354 4375 7959 9206 6151 3255 5855 1137 9573 
24 5721 933 7000 9130 3949 1480 3146 5630 7701 889 5482 2348 875 1853 5217 4527 8944 4945 7980 9197 5928 5207 7289 2724 
25 481 1313 4141 7174 7494 8110 6344 9433 9790 3592 4770 2653 8844 3074 7858 7625 8053 4193 3942 8180 7983 9940 2886 9673 4568 
25 7546 5516 1777 7710 8806 708 8300 5933 3174 1534 542 434 9835 8498 8417 4053 2257 3766 7328 8866 3113 6624 2019 1760 2755 
25 4624 4720 1267 6526 9576 6523 5279 4344 7010 5262 2443 8017 1181 6709 1036 4254 4975 9399 8221 3525 8333 1909 590 9990 8311 
23 2642 3512 1111 267 5405 6243 8058 6157 40 1396 1979 6802 4899 9807 6232 3822 5095 5492 7530 7079 8265 9860 4540 
24 1524 8588 9464 1634 5088 6657 348 6672 9159 6268 5904 5092 3186 2081 5115 8600 7181 1112 6653 3464 1484 7356 7038 2691 
23 1564 4733 2167 1365 9645 4965 5099 8551 1308 800 5167 9400 2236 5694 3567 5577 5290 6468 2194 7154 5362 9220 8777 
22 6745 1949 5374 5298 3429 9219 6824 8749 3271 1629 4168 201 334 7168 3376 5750 673 8482 5264 9259 5474 2544 
23 9864 4704 444 7558 115 8193 8051 1424 2580 6953 2739 5530 6318 6109 4505 3837 555 4926 3405 5224 2492 3631 1300 
24 209 6475 7277 6537 8761 7697 9303 7066 1591 2769 4388 7273 1451 7675 9728 9302 1877 1155 6145 8507 5455 1495 6650 465 
24 493 8803 35 2852 5690 7448 4302 2264 9671 4443 5357 9447 5349 2778 7979 3768 185 2460 341 1544 1153 398 4996 3617 
20 4829 9082 4353 9264 6883 473 2903 8127 9964 8846 9367 6826 2870 3563 5926 2423 3184 5644 9281 5586 
23 8902 47 1252 2473 5724 7425 9192 235 7077 5016 8721 96 3881 5194 4322 2574 2182 5331 3899 3762 4079 9885 1837 
23 457 2382 3398 7682 1475 9031 8505 6235 4114 4159 7790 7322 1839 3096 9688 2258 8114 1129 4680 5342 1472 4683 6063 
23 7314 6327 4029 4063 2937 8652 6751 8843 2596 1914 7351 5336 2215 5186 3523 345 7027 5787 5707 289 1594 9172 8535 
23 5540 6634 977 5366 9273 8782 4209 2498 5031 8743 397 9275 7288 7033 5215 2503 308 8658 8385 4904 6294 7881 6467 
23 1421 5347 6729 6580 8272 2867 8987 9908 6983 1307 1688 5786 1990 6254 7607 6661 2083 8299 3677 3448 778 3586 2586 
24 4255 2782 6536 633 1436 5844 7048 2737 3714 8705 4701 528 3076 2350 8241 4294 628 6354 5671 8238 4506 2908 9176 2897 
23 5954 6567 9751 772 3675 2652 8444 9015 1499 9337 3356 8687 6938 6869 7304 882 1694 7992 8858 9119 4332 5688 8057 
17 6039 2439 1071 9029 5625 7875 1690 4754 2666 42 6154 5030 2583 9818 7863 7202 4592 
22 2495 1177 849 9364 5962 843 1098 2332 959 5314 8475 1933 7945 1162 6267 7664 8264 7427 1570 4 5836 998 
22 2147 6409 8410 4024 7503 3394 3476 3547 3782 812 694 1187 3888 5363 5247 2716 8393 4183 4269 4242 7968 9791 
21 9845 4830 5674 8909 8953 2234 353 2534 5117 4280 1444 3764 8399 6369 340 1927 8478 2287 5011 7011 3662 
20 6912 4355 7274 2025 9324 3487 7365 4529 9366 3481 8466 1606 829 2823 1397 4611 6991 6016 4640 1410 
22 4761 5626 1755 8665 4328 7344 2082 2115 1541 2364 6620 2557 2517 8405 593 2798 8927 6230 4747 5202 9290 2271 
21 2074 2216 9179 9647 4119 425 1891 7164 1383 3447 3630 2447 9422 3171 7358 1788 4272 9154 1093 9834 3264 
22 1970 210 856 4872 9062 3044 6775 4675 4906 7100 3813 5793 8643 7942 1258 4182 2987 2827 3641 5544 8126 5312 
22 3017 2132 376 9065 6078 5070 9624 9508 3079 4985 7403 4963 2500 6812 9293 3600 8716 9891 2888 3656 6978 710 
21 4349 6550 2031 7134 883 7762 2154 2740 7009 5870 4336 1770 4386 6626 33 752 7317 9067 411 7057 6242 
23 6200 7557 9135 775 9151 5632 7381 7793 9225 6312 7958 3935 5680 1485 6178 6892 2353 8380 1526 6368 7268 1149 3120 
21 3334 6245 3453 9561 8412 1415 1768 6064 9607 6891 8258 9762 1243 3996 2069 860 5831 3612 1522 8517 4158 
22 4080 4657 8609 7994 2702 6056 4539 9299 5559 7397 1786 5993 5483 9946 2249 287 8867 3898 3413 532 6993 5682 
21 4507 8254 8298 2368 6932 3811 65 8007 9534 4221 4461 748 1535 9535 5930 8608 5414 5754 8663 176 6559 
21 1959 9702 7668 252 3434 9089 6134 8492 6262 2186 3013 2676 6945 6408 6449 6010 6464 9656 8137 7758 7017 
21 5887 2056 7884 3181 3867 7488 2052 2931 2017 8842 6038 7871 1957 3407 5257 9984 9189 9454 3642 4649 7906 
15 7013 6378 1393 3968 8753 5097 1622 2002 6949 4983 2131 1641 3613 5416 5108 
21 332 5377 8529 1553 5603 4981 2722 3992 3213 361 2378 9050 9594 3941 8579 5126 6096 9465 5714 2326 1212 
21 9385 7934 9341 5241 3609 7931 6848 8785 1078 173 9060 9460 2572 5612 4715 8451 1446 3681 8279 1599 9131 
21 5295 2338 9180 1537 1779 2246 3905 8693 1519 8314 242 4655 6314 4166 2087 2624 8487 7669 1905 4108 3313 
18 3147 3735 5001 2078 6085 6578 134 1025 9661 6554 7139 4061 5833 9431 471 6210 9123 8226 
21 212 6340 5732 6279 9652 1282 1871 3454 9939 5258 3704 6980 1214 3187 5084 8354 7725 1732 4691 8964 7460 
18 666 6121 1930 6681 3154 9278 7661 3137 337 4362 3303 3730 8142 8790 1014 79 9555 8921 
17 7108 2110 5610 10 2612 8933 3738 8181 6531 6363 664 450 3019 1408 1380 9061 9374 
20 533 8940 9199 369 4147 8097 5481 9103 495 9444 3526 2306 3485 4757 2488 1390 5190 3928 7996 976 
20 4863 5158 9068 6618 9392 9362 7334 8516 6977 4060 1262 28 2514 1811 6787 8165 9266 2929 8195 3927 
21 6208 2000 5287 559 6380 7392 979 916 4092 3796 3599 5823 6555 5633 9373 8322 8235 648 8078 82 9970 
20 5920 5621 2754 9232 5238 7614 6898 3222 9335 2552 5132 8598 7247 3419 6037 944 6065 7719 4490 8453 
20 9636 497 4953 6089 6062 6962 2042 5730 1296 3235 2587 1486 8532 6516 8522 8849 6759 4759 4766 1962 
20 7102 2470 7193 9156 3469 1176 7749 4136 9697 7800 3590 5945 6790 2855 3071 8345 8384 2334 327 8556 
14 3654 5284 7626 8583 7062 787 8931 1754 5745 5845 6051 220 4911 6221 
20 7373 4482 3338 2527 6426 9038 2037 9205 3359 5379 1073 6142 1241 4668 191 4284 7343 5896 226 5665 
19 9744 9512 1835 1160 8229 4937 4942 9056 3395 556 9991 2991 3558 5236 8998 5912 13 7042 1304 
13 2384 9231 2354 7651 3506 736 4367 1490 2192 5003 8701 5063 4243 
19 2649 1186 5660 3537 4971 2444 7080 7560 257 205 9904 1975 6117 4600 4542 5687 2926 4133 1378 
19 5307 9100 2240 1474 9849 4074 774 7718 5582 2381 5496 8206 2435 1334 4556 8295 4606 1195 1573 
17 2297 2548 93 3494 510 4073 9583 569 9455 5946 5506 9434 4126 5599 6148 9700 8217 
20 4228 378 4862 5087 382 7926 947 3293 1283 1672 6432 5807 4306 1028 2050 4998 5937 8503 1805 5571 
12 8670 7194 8729 2466 9587 153 5932 7756 8893 4570 2830 9638 
20 3557 2896 1613 3205 6041 6389 4087 8610 9379 7265 6557 4671 6506 5185 7416 5551 4554 5918 3559 4416 
16 8711 2184 5201 6059 5622 8246 116 8954 5396 9961 564 5703 7801 7722 4142 3042 
19 4107 1430 7387 2121 3173 5941 8150 5166 2451 7130 7970 8011 7706 2877 6788 4298 9129 8083 5493 
20 6547 4973 6251 6172 5684 8072 9321 6513 9978 8161 634 1816 9389 8839 7426 4626 3718 5549 3723 3985 
19 3833 7579 6966 4123 7903 4924 6820 7727 8512 9699 4030 2344 5785 4551 7880 3310 6768 2133 1086 
19 318 6173 1565 1660 377 412 9143 3940 8359 654 9236 1298 6766 9772 6979 6093 4479 4311 3041 
12 1135 9798 6928 3018 6224 5618 9501 6535 6118 2968 336 418 
12 8890 305 4001 1096 4427 3387 5327 1026 7290 2098 4697 7731 
19 935 7152 657 5830 4224 1875 8004 4351 1702 6736 2872 3980 4616 9170 7954 1287 8943 1318 9906 
17 1803 8493 6201 4825 2762 6859 8387 9053 1765 3206 2266 6617 869 16 5973 805 7472 
17 4352 6630 4532 8904 3377 6873 2016 760 4176 7919 9745 5747 9051 3327 3063 2529 1923 
18 3445 9497 415 2809 8182 816 8917 964 9945 973 2763 3598 6688 8483 7297 5436 7390 3965 
14 3708 2128 4198 8431 996 1769 3953 6823 5925 2865 3864 9909 4040 4339 
19 6430 7097 2984 7019 2407 918 3221 5733 6264 8135 1775 1764 3158 9895 1987 455 5825 3792 3204 
18 6645 6009 9833 9639 3031 5373 9542 7754 8922 6545 167 9040 915 5024 5773 1377 6976 7437 
18 6563 313 6132 2790 7633 8339 5340 4852 8270 5106 8757 2472 5736 3015 4785 5563 9097 1948 
18 5711 7663 2406 3790 7830 2935 515 9718 3374 8108 7047 7978 3771 1868 54 1350 5977 7058 
18 854 8194 7513 578 2602 9230 7296 322 4850 1457 6561 207 5378 5146 7192 5676 7533 3289 
17 7379 6188 8585 3211 7516 1679 8432 2793 2111 2483 45 1059 3533 7667 9214 6300 8332 
19 9109 2178 7816 7457 6566 7872 6880 6679 2351 9448 8875 1742 351 7031 5893 5889 3820 7943 3528 
18 3739 8167 1864 6248 5306 4365 4314 6281 5810 1657 3209 8914 7885 8468 6250 1115 8275 8154 
18 9804 507 9505 6999 7078 2796 2765 1058 1749 7461 1156 1126 1085 6070 8260 2879 7459 7228 
15 1874 7498 5176 9659 8247 9801 5401 5648 2392 312 3273 706 6074 3284 4292 
11 6321 1320 5590 7842 4148 9713 9814 651 2656 4049 8122 
17 3594 4205 2075 3685 8820 1047 4625 1604 8016 1836 5066 8971 3700 2820 4577 2329 8365 
17 9071 3325 3232 876 9998 938 6020 9435 2567 7923 9582 6427 101 3835 2277 8959 6840 
17 2112 8348 5008 6596 7065 8343 2311 8081 4748 2995 7491 4447 4516 8623 8879 4220 9721 
16 4836 881 7811 5221 6769 6868 5827 5463 5053 6276 6435 2550 9010 269 7917 8870 
17 3740 8035 6247 5021 1715 105 3300 8281 3752 3736 8752 1712 6895 4157 5130 9977 1327 
18 9613 1102 2173 4767 8413 1747 7757 7285 1358 8248 6929 5820 6899 9596 9960 3911 9294 4891 
17 3566 7191 9952 8798 7490 1394 538 3748 9363 9445 1556 7241 1231 4134 5159 1976 8808 
13 8965 6793 9930 836 4004 1049 7121 6417 7589 1479 5661 690 5293 
17 7380 1346 871 8851 7898 2694 1921 9175 7340 5532 4612 4972 1744 7165 1961 6191 9736 
14 7346 5250 6165 1814 7101 6324 1253 8162 5450 1362 6028 2940 9552 5536 
17 9289 2825 2857 8023 1051 2244 9194 7802 850 5010 2849 9973 6792 5897 3719 1060 3125 
17 4405 8995 7555 4433 9238 2715 4232 8218 7291 6572 3034 7452 4240 3143 3427 707 5953 
17 9735 6399 2706 272 8064 3323 4173 1371 1818 9843 8032 9124 2703 6147 7673 5048 2627 
16 1685 5124 6274 4496 5664 5268 8576 3919 6014 2478 6530 1759 6606 5485 1939 9668 
15 1973 5815 9421 880 456 9039 4614 346 764 7736 7518 3431 1813 8199 9677 
15 7662 5593 698 2370 6146 9919 2413 4340 291 804 9493 4976 3023 6603 7235 
16 3116 2654 3829 2907 8624 21 4947 3136 7212 5118 7892 4956 2127 5960 447 6676 
15 7196 4415 6850 8063 4857 8745 5383 5840 6935 8355 9660 6631 7136 6782 9117 
16 6293 6133 9741 6674 4561 293 4423 4025 6309 919 1766 8836 8391 5749 1858 6087 
16 5662 5457 9836 6301 2729 6830 6773 1094 2204 2524 5338 9057 8082 7951 7051 5173 
13 5332 2330 9026 3776 4395 505 3177 4381 7904 9580 5431 3591 7577 
16 4629 9897 9478 5486 4274 6874 223 4932 9653 4169 143 4995 1895 1473 4968 3825 
13 1002 5062 9270 1199 2682 339 1464 6611 9615 9664 4333 1919 3975 
15 2717 524 3210 6680 6042 4876 1707 558 3219 5 3322 9336 6019 5753 669 
16 5751 3169 2954 285 3570 6104 487 34 8805 5505 4401 1213 2697 5361 6229 994 
13 499 5417 5689 614 7504 1342 5761 3634 6936 4563 2202 685 2203 
10 9121 5384 1321 6947 9599 3728 8580 441 8837 1558 
10 3321 5475 2894 3503 3280 8526 8825 5232 2289 5859 
15 211 5426 7643 7143 744 2431 7960 4238 198 1915 9689 1347 4230 298 1225 
13 7779 3227 928 561 6131 80 288 2811 6355 3343 3853 2993 7375 
16 4493 141 5764 6946 3496 1781 8437 8720 3256 4672 750 5531 7413 5098 4042 8147 
12 4467 6452 1034 9092 8294 6303 9826 1092 844 8411 3637 9484 
15 3433 553 952 7267 7630 5520 4915 8233 9989 9211 6335 393 9307 9004 4901 
14 1206 7924 5608 4358 7352 6054 7420 2792 5634 6761 6594 6035 7742 1646 
15 1046 3952 2680 5094 5801 4840 870 8525 7672 5151 8678 317 4967 5900 7705 
9 3647 2461 5430 5638 4082 6520 9024 4140 737 
15 6076 1721 1568 2670 8237 26 1819 8335 5229 8633 7850 5322 6482 9829 2134 
15 8173 4913 8780 582 2923 4212 3360 4210 5850 4431 1991 6958 9507 424 1020 
15 7438 9737 5260 7763 2844 2645 2936 7142 3118 7478 2629 4752 4678 3347 8618 
12 873 6184 6678 1322 5980 717 1590 1219 9147 7476 2100 6241 
12 3291 6297 3159 2966 2144 9081 8418 8619 7295 6445 770 6323 
15 4854 7988 6677 8534 6602 7189 7622 904 647 3844 822 911 828 8641 8947 
12 5562 7610 5470 5080 6431 3081 3917 6005 5581 2342 5758 1569 
14 6825 5382 2315 8481 7627 4712 6325 4722 1806 6249 3001 7563 756 5961 
11 3608 9072 4235 9708 2063 2911 5834 652 8508 1645 762 
15 8188 494 2556 5380 6495 9739 6282 1432 7623 179 1144 763 3180 6113 2609 
12 1778 3292 1435 2433 2263 6371 7523 9756 6214 1462 3571 7115 
12 3362 3624 78 5484 8010 4468 9903 4768 3441 6212 6819 8331 
15 6244 6480 1944 2599 9784 6116 9899 1925 2405 6720 2310 259 2822 6112 2225 
9 2176 8231 2858 1954 470 1969 8888 535 3643 
12 7347 5976 4608 2749 2380 7520 2003 2815 1623 6046 8885 4538 
14 9138 8667 4832 8767 9322 2122 4762 815 7233 1542 6032 4977 5461 1931 
11 368 9152 1042 1423 3900 3548 2136 7368 2196 7496 8374 
8 7716 7659 2744 2379 2970 3304 9764 926 
14 6647 6393 6562 3534 3686 7094 3788 9588 323 2088 9567 1056 1894 579 
14 3778 643 76 4824 991 4442 189 1119 5178 6108 5345 5412 7813 2049 
11 4717 8344 6102 6813 8006 9047 2155 5316 3959 8538 1359 
13 5344 8506 7971 2933 2142 43 1554 8325 7408 2491 8838 8666 8740 
13 9579 3731 3432 1041 6974 5763 8549 8565 4934 6311 6687 2795 3679 
11 7355 9894 4258 8473 7071 3363 6287 4364 2592 2964 3619 
12 4048 4128 8009 1428 3973 2091 7634 4000 3889 3390 2836 1064 
14 7535 7342 1431 8099 1561 9821 4730 1737 7902 1795 4808 1983 3690 165 
13 921 7275 196 7014 4335 9456 4144 6511 788 4261 4252 2922 3478 
8 3358 6306 7775 446 5489 7878 9058 962 
13 6222 7176 1831 5391 8822 8304 1525 4991 5898 548 4054 6405 4432 
13 4450 7037 3278 6416 686 8153 1654 367 9398 7859 6576 8891 4799 
13 4709 7778 4584 6622 7521 5320 9856 2071 2726 2283 4753 2902 5174 
13 767 6762 8857 5556 9547 7588 5136 2889 9755 427 5737 188 1204 
13 2981 2893 4204 9112 8107 8469 1772 5624 8389 9787 5653 4779 4846 
12 4065 5394 5211 4121 7259 5330 8065 5842 6291 6717 7789 1878 
13 1676 8038 9810 6462 5171 9788 3852 7157 7023 4599 2516 7450 1722 
7 2418 7671 8201 5949 3046 9726 2819 
10 1208 1416 3682 9295 2428 5223 2096 5198 3791 1935 
12 9381 5782 3439 9687 4569 3296 6972 1808 5272 1077 7436 9304 
13 7534 5465 967 9376 946 5738 2462 7747 4436 9540 7989 3229 4931 
10 3193 867 7741 539 9083 4380 1703 4735 6917 2376 
13 5169 230 5994 2125 5597 5181 4572 2004 8702 4162 702 9827 6350 
6 7468 8394 148 1074 1579 3492 
12 2171 8239 2760 7788 6755 8936 1780 9338 3703 1663 4751 3611 
13 156 6582 4072 4043 8986 8471 4385 620 3277 2637 488 9831 6342 
13 6597 5910 9513 2561 592 2546 4900 4548 604 7688 4820 7242 7069 
12 3530 1947 3216 581 8672 2630 6564 6099 1303 1354 8156 4812 
12 8546 2693 216 243 8819 1918 8704 2487 362 6817 3408 4622 
6 7227 5518 9861 2070 1456 3014 
12 5557 5064 4012 624 8115 8061 3794 6225 8828 324 1333 4286 
12 7239 8244 3722 8935 7497 1007 6256 6543 4510 8441 5819 2530 
11 1422 3315 6197 819 8284 1229 3472 5509 1216 3134 7524 
12 908 4802 776 5908 1409 3060 7367 985 6627 7053 1367 4929 
12 4744 7150 9160 7195 9682 2416 5365 8561 4174 9146 1659 7173 
12 3669 799 5635 3699 155 3805 7125 2162 2499 6725 1699 8019 
12 6484 8620 5658 9644 8077 9883 1400 73 3179 7744 9714 5877 
11 4636 4939 7090 3689 4898 7511 2302 5346 631 2251 4476 
11 7068 5679 9397 8661 5000 3006 2092 5762 1481 6616 8862 
8 7575 7940 7720 8900 3676 7836 7784 5370 
9 3381 7962 9533 9933 4015 1802 5683 8726 7467 
11 5847 4068 2021 1551 1854 3536 8356 8657 8923 9648 2773 
11 81 550 3135 5502 9153 2668 8202 4412 6217 9184 5248 
11 5437 7679 5140 8881 1538 9862 784 7059 6614 6349 2032 
9 6879 2284 8906 5072 7200 9760 2806 2608 6994 
9 9349 7483 4152 8170 1615 3519 2454 1341 4716 
12 97 8028 6904 9395 9865 609 5152 2876 1536 9765 6795 8700 
7 5991 9471 8056 5580 1280 2698 8113 
6 1192 7930 3868 129 5637 1087 
7 6377 9924 5570 8845 4925 5883 8414 
12 39 6333 9474 4992 9748 4051 4952 1899 8095 6481 7393 1559 
8 364 3330 9966 9245 440 8249 1633 5501 
11 5809 6907 1709 9880 7699 5164 1882 7056 4231 6470 9770 
5 7325 2759 3020 6348 4281 
11 4819 2977 8334 9943 2768 8215 2549 1285 8251 4069 2664 
10 8996 8815 194 8821 2851 262 5326 1847 8948 5895 
7 7804 4603 4936 5669 6322 5294 2509 
8 3614 6397 6114 6072 4122 3957 329 3688 
11 7113 6699 680 4345 3438 7997 1035 7771 898 3741 9380 
5 8227 1582 3702 8622 5652 
9 379 4772 5864 7510 2269 7280 9642 3337 438 
10 7316 8830 5184 1889 7815 4175 6501 1936 9608 6226 
8 9252 7153 9621 1666 5828 4492 8762 2677 
10 454 2191 6581 9102 2124 1385 8230 4811 6465 7252 
10 388 4249 5134 3828 2619 3809 14 8949 8048 6158 
10 8809 2882 4470 7250 7782 5997 8240 5812 1849 6152 
8 4520 9754 5802 684 6124 4275 9878 432 
10 1459 137 594 9548 2018 588 4465 301 6477 2337 
9 8245 6548 5350 8357 6284 4005 8934 3633 6 
8 9251 589 600 1763 8946 5776 4844 1088 
10 2343 9229 5317 1289 9453 7050 1893 2298 831 247 
8 233 7635 4835 6075 264 9253 6514 722 
9 9817 852 9658 9055 3515 5197 5561 2615 7182 
9 584 6910 7363 1033 940 7844 9076 995 5138 
9 636 320 5734 7528 5639 8568 8999 1586 6509 
8 5914 1016 7536 9578 3733 4191 3265 5404 
7 1529 9732 3810 3091 8341 6365 1642 
6 2751 7599 5705 5950 6995 7146 
10 249 350 7501 5479 905 1533 9257 5348 2998 2840 
4 7948 712 6384 3620 
6 4011 3246 879 1426 4823 7700 
4 8967 6015 8581 8913 
9 8373 9541 4135 6320 9663 3056 258 8276 5821 
9 3694 8895 6692 5168 6259 4950 1180 5376 3749 
6 7464 9839 7753 3926 31 8070 
6 9925 5103 8759 7127 948 8718 
5 5983 7854 9986 3848 7036 
8 3986 1842 3163 7330 3890 360 8430 1705 
6 7444 687 605 4500 251 7899 
9 1433 576 2237 7703 3320 1940 5811 8606 3259 
8 7680 4698 8031 6560 6887 3504 7218 9601 
8 3507 1736 2913 9403 4373 4573 1356 8080 
6 5371 3635 1478 7519 4530 5471 
5 5480 1411 9301 2502 1009 
5 8192 1108 3516 6914 8319 
8 408 7707 4810 71 3166 2747 5325 7733 
6 6744 9021 4419 2474 9600 7601 
6 1143 2678 9672 4774 4181 3903 
7 4559 6540 813 7658 4763 9509 2300 
7 7609 2805 6855 4727 613 6988 0 
5 2212 3389 7947 6889 3887 
3 2736 6521 7410 
4 9459 9997 1682 464 
4 9483 9848 2481 2007 
7 3751 1286 8958 798 1021 5147 6060 
6 7684 884 8340 5141 18 1439 
5 1146 25 2308 5604 2172 
7 6319 2684 723 6894 6499 4337 2411 
5 7284 3178 4438 6207 6644 
4 2718 9921 3312 5334 
5 3729 8975 3964 8278 4177 
5 4411 9750 4172 6911 2983 
5 1319 1706 3324 3388 5020 
4 3936 1670 9840 8490 
3 3202 4580 6170 
7 8326 6387 4439 6801 8139 9451 5891 
4 1381 9258 7767 1131 
6 5909 9929 2582 9528 2593 3737 
3 1399 9609 6518 
