140 6689 519 4618 7475 7499 2576 5424 5716 9799 9207 5027 394 677 2424 769 109 7471 583 2784 3459 1984 5996 3196 9320 4959 5205 1630 8484 842 5112 8338 8521 697 4050 9628 1489 1994 2635 9769 2245 5422 665 6196 1631 2600 739 245 2352 9944 9144 3646 9720 9408 5212 9328 5323 2874 8530 2841 8560 9195 7594 5642 8261 485 3862 4806 5999 3894 7750 4440 3573 2281 5259 9248 8524 6996 2065 7839 930 5966 8428 1810 4634 3446 6556 3244 3401 2699 9204 9096 8533 4916 3336 5128 4837 8005 6395 3713 8649 3568 4783 4740 2267 5195 1507 2719 7845 6992 8012 2563 4519 7509 8639 4408 480 7776 6390 1288 5399 9646 6317 4841 9931 1158 2252 3335 3287 2363 3984 1662 6828 6492 1019 8036 8925 757 1653 4393 2554 
122 1066 3817 5335 8175 7463 4601 4346 6783 5860 273 4377 1353 8518 9698 3564 6115 6329 5769 4855 8425 5060 166 3239 4833 6457 2626 9602 4109 6916 5213 9045 7572 8219 7323 2681 1386 3786 8637 8112 1902 6818 5069 4958 3270 403 6493 3622 6425 1391 1896 4031 292 6345 1532 2804 9075 9950 9222 7301 8984 678 2884 1767 4699 6939 3561 1402 7805 357 6629 7221 6488 2396 3115 3391 701 806 4847 7447 4316 8511 5947 7865 1370 3201 1850 868 3658 366 1971 9783 3916 8942 4684 38 9086 8577 8109 5927 7855 7473 2746 1497 632 7981 2046 6546 9936 1136 6693 3931 6358 840 2862 8594 5974 2318 8684 4803 391 2658 1254 
109 88 5497 6002 4094 2432 585 9626 554 5902 1528 8698 4008 6780 4143 2559 6924 6123 9405 9401 5535 5818 4742 5566 9696 4703 419 119 956 6338 1530 6842 4546 1527 6446 560 4986 3770 8981 4867 7117 9655 9882 3421 135 8228 6905 2395 4866 8136 3295 6705 4248 6930 3316 433 2817 6366 3565 4259 6179 2189 3912 6030 3070 4535 6469 6001 4619 4518 7541 6704 3382 7689 9618 8569 9604 6590 7715 4382 4313 5277 4444 7216 4670 2909 3517 5209 7481 491 5942 6496 2210 9343 3415 1903 3369 8392 6934 4484 9953 2853 1293 623 6723 7238 3781 4348 1207 1972 
107 606 9888 5086 8310 2920 2020 9393 9020 7141 4056 8213 7849 5304 2603 4882 7704 5948 1372 9406 19 4665 9974 7975 3795 8823 6742 1491 6749 1647 6026 1557 4585 4064 8804 7232 2434 2482 5620 514 6579 646 4293 5076 7873 5040 5301 7305 2513 2452 3761 9074 4044 8621 2938 4264 9388 1125 1012 3842 3963 2041 9327 7505 8439 7820 7819 7598 4155 5585 7063 1196 8531 848 6328 1063 5013 2980 7925 5822 8166 404 6754 7755 3854 9905 1950 4129 3871 9786 4795 743 9005 44 2170 8499 4813 4277 8690 5449 3110 5592 20 6271 8301 6533 7681 2090 
99 4525 8708 372 222 4307 8559 6952 961 157 6361 5881 8406 541 5875 4910 8629 8262 975 5089 3585 3148 7442 4920 2799 8236 671 2927 9951 8462 6893 1152 8324 660 531 7792 8644 8597 993 3851 9611 5256 463 5569 6163 4787 9881 4515 4014 1048 4843 1834 8603 396 9889 8544 5249 5309 4893 5180 385 121 4039 7564 4849 4816 7538 7886 4023 6166 7910 6690 4598 4075 1483 3707 1798 3241 2824 2521 6592 4676 4896 2307 1133 9014 4271 8168 1312 8802 2821 4296 759 3734 729 6458 5720 3153 3626 144 
91 423 1305 9305 4894 6695 7861 2278 7965 5727 3579 3575 1605 2963 7116 1030 8979 9012 9805 7602 8146 6307 9871 9947 3616 8575 5554 6182 617 552 6871 64 2924 1886 3370 2386 6757 8062 4130 5050 8645 5163 3509 1686 2272 7620 2400 1197 4789 1179 53 3474 7339 5183 6743 1989 7616 3908 793 7868 7076 9982 8169 5271 7128 9414 3878 2588 3348 6508 1822 3002 7480 2775 452 2425 2833 8196 9371 7818 3378 8897 60 8648 8674 9196 5407 8163 8267 4374 7405 6524 
88 6466 9409 7429 3103 2429 2313 8675 7435 5227 4260 9733 2711 7406 4414 2904 5757 4794 8346 9685 6900 6360 2235 1355 3124 9710 2570 177 6956 9475 2108 6739 4062 9226 8871 5289 7567 6987 5473 2846 7949 8746 9300 4543 9224 3299 4890 1840 9884 740 8076 9510 2892 9902 72 4478 2674 6347 9825 7327 5200 9261 8491 3582 4466 5526 5266 7022 7083 953 2149 1403 4216 9427 9115 2224 9332 5923 4185 4729 6789 3950 7723 9311 3576 8178 8002 8980 9472 
84 2519 6663 6815 741 2571 9679 7188 672 1438 3951 9473 8783 4233 4873 41 7580 6747 6836 6316 5511 4376 1580 1222 3420 9842 7312 2900 2045 3133 7698 523 6909 5951 3799 1692 1598 8928 7573 9983 2829 8916 3182 7389 6779 1796 7935 5389 7217 6552 1145 7418 6712 2988 4870 118 8461 5119 2789 7893 9730 3195 6071 5448 1632 4179 3683 9243 9212 2391 5328 4399 8046 5490 9032 3670 8707 7105 3652 7133 1120 4203 2659 7281 8232 
80 4839 6277 1543 9514 2941 5406 3410 1407 3697 5113 2738 5510 55 6296 4935 8434 4558 3875 2856 4101 4318 3885 8273 9419 4021 1441 3866 9972 9496 2044 4564 7407 2077 3997 3673 6290 4266 2906 8725 3212 5519 4805 7549 5548 8833 2205 4487 5921 2590 7256 508 2325 124 5564 4215 9857 7313 5568 7566 9149 8013 781 6050 9432 1425 6878 7604 1958 9217 5814 9589 5806 3956 7976 9937 9334 2185 7824 2508 8850 
80 2735 4059 9707 2720 3869 6706 219 3546 1637 1784 6485 9166 2641 7287 2531 8574 6029 3067 5477 8766 5351 4544 7883 6764 658 3462 159 8093 3203 1101 2035 7907 459 6398 9208 7900 7384 7178 2390 8960 1509 3141 9774 4067 5565 6829 1450 7326 8362 851 520 1072 4343 7652 4552 3479 5061 6105 4596 4681 8479 3357 5972 3040 8712 8834 2188 8455 913 5037 3275 4522 6400 7302 7593 9069 1091 3087 4186 4531 
78 2465 3444 7040 8703 3025 610 1332 6139 1170 3596 2791 9768 3160 3461 7877 4170 6159 3058 3105 1684 2250 3047 896 3958 2992 3418 2930 9132 2095 4300 7474 7045 5702 1348 7197 1255 2137 2607 7237 1275 8212 6982 3843 997 370 7177 6436 6504 3841 7738 8250 6497 5741 1926 6797 7 9016 7199 228 1567 2369 8985 8145 9551 3897 6334 2671 5956 9637 8920 7955 1898 5175 5179 4160 1157 5538 4865 
75 5018 6831 5235 2316 2912 6767 9523 3667 7687 1635 7082 3208 8209 7236 4223 3602 9087 3938 4297 9450 5766 1250 5853 5713 6450 8713 2314 3155 4617 7172 3663 5009 1470 9234 3340 6833 3053 1266 7914 1988 9420 3331 841 4452 7531 7107 3873 7254 4456 6861 4457 8474 2043 5468 960 2067 5800 7089 4180 3995 9059 2878 349 2157 3035 2113 3093 980 86 4350 9517 1043 5415 8738 1247 
69 3090 84 5299 1097 9003 3855 3236 7140 4885 2520 4706 5990 1121 7574 4225 206 1201 8419 5187 5006 9511 6652 7745 128 1667 5915 1220 244 4195 516 3772 4566 2479 9150 6806 6415 6858 5026 733 4669 5292 771 9522 8911 8776 5594 9767 6640 7939 3814 6890 68 8781 479 3460 221 9200 9746 927 3716 9717 4922 3520 9938 8941 8372 3458 9203 3069 
72 5324 3156 5440 7401 5341 2828 8932 3276 6199 4428 24 5808 9666 1200 3411 802 7465 2399 1465 4246 4643 7554 9610 8378 8118 2661 821 4327 8075 7422 8796 5901 4396 2304 5452 4776 5353 4323 4978 4597 8692 4460 171 3399 6609 4526 3628 1719 4026 917 3823 63 5421 1577 5149 4161 7369 8398 3274 4434 540 5413 7424 7138 4018 5438 472 9850 1404 7111 2770 325 
69 5970 8477 920 9752 7928 6843 6263 3197 8736 9187 4575 1593 7243 5393 6352 2838 7637 5746 7034 7548 172 3190 8368 1523 4714 3314 2179 7822 529 6857 3328 527 2614 857 9213 7169 9027 6486 1328 8763 6854 1501 154 4903 2956 3834 1032 1673 5274 5165 5456 9036 4458 8234 1952 7611 7995 6827 3000 6289 1336 1419 56 5874 5735 8710 1547 6507 5798 
68 4309 6807 4637 5445 9670 1227 1883 9347 8376 2536 9274 7451 9078 6718 4410 3541 3129 922 6216 751 4587 9033 2076 4749 9265 4206 7370 9492 8695 8164 6437 8101 8067 151 1870 5191 689 8742 4512 2294 4694 4874 6215 8400 591 5795 6906 2459 6837 8634 8744 5488 6440 6195 9201 955 6448 5368 4451 3780 797 2158 2704 2130 9354 131 1038 4908 
67 1209 9325 3607 2356 113 9291 7293 4583 7612 892 5744 608 2293 4980 9316 6392 7685 6068 3026 8128 3732 2640 3366 2919 9595 2665 374 2023 7967 8627 3038 9694 9114 8025 9955 6505 809 3352 8049 7018 3498 7608 9009 2403 2950 6374 4037 2328 7838 8144 3977 4081 2816 9994 2103 4631 8255 9808 6500 9876 3522 9308 758 3857 2322 8375 6750 
66 187 2135 700 3555 9283 7810 9411 4781 6558 2357 6804 9813 3024 7870 9104 1503 6438 169 3477 3435 5695 4930 8042 4800 4045 8617 8159 5824 6082 897 3083 2958 1345 2213 6655 2960 5958 6777 8567 4878 521 1711 3152 8442 8912 1270 103 9959 968 3674 1974 9088 9391 2028 7412 6796 9446 1244 4732 7702 9759 4474 8607 925 8171 5110 
61 7070 2949 4090 61 3988 6502 3249 7889 328 4437 3329 1674 4200 9297 5182 9164 832 5189 6703 615 9981 6638 6192 5803 5160 4211 2810 8285 3127 3924 586 4881 8883 5155 3269 1325 2038 3806 158 5528 4674 6926 725 890 5033 429 8269 110 8096 9525 526 6598 6944 8321 7131 3724 9309 3664 7617 8185 9776 
61 5934 117 7640 5381 9581 6404 7129 2748 6110 530 8382 720 5888 782 9926 1910 9202 2497 9035 3542 4227 9133 1458 826 8691 7508 9073 1123 6799 4085 2268 4613 2863 9378 9643 1740 3332 7402 7890 8604 2058 5936 4917 5726 3706 276 7144 9318 9590 1278 8386 3383 8467 8371 3518 4501 2604 8216 231 9766 2208 
62 9313 8640 9976 3457 4098 7156 6658 5387 2143 2511 3403 7357 1276 8772 7874 9680 8309 8079 853 4372 4007 7278 4869 4784 544 8547 4357 6888 8688 6862 7411 3691 2766 4330 8961 5552 7449 2688 2030 8811 1748 359 858 7495 7545 2446 1881 331 731 3010 901 9690 4731 4861 6007 8488 8939 6748 8138 6439 4041 8308 
61 3549 5300 3149 6649 5402 3918 1609 2106 3294 2975 8351 5214 9128 1601 8831 5656 1079 1884 4485 4792 7208 9632 596 9171 8125 4105 7712 2667 9247 1069 4106 7321 4804 3339 4038 2945 1053 3538 9344 8003 1017 9995 6091 4102 5940 4462 4534 8084 1279 9942 6528 3080 3627 9932 8515 9215 5476 6675 5939 3698 9956 
60 4758 29 8420 3743 1993 5598 5218 8149 3424 4661 8835 6012 2605 8681 2787 2140 3057 5866 4555 9429 1263 9165 5534 2160 3436 8826 695 5411 7812 3556 7708 1911 1714 3610 500 8034 9853 8060 1678 6651 1116 6568 3876 5613 2625 9715 197 7526 8589 8907 6844 6052 8717 5784 3886 3872 5854 5398 587 8582 
59 1335 4842 489 5192 8787 8329 7398 3891 9137 1054 1218 2537 3554 2973 1550 1272 381 8854 2260 1583 5356 8869 30 1644 9667 399 4682 8591 9023 9571 4660 6025 924 6375 9969 6219 2068 7582 9416 2617 253 5302 9312 6109 1366 705 3423 5242 4905 3923 7660 6246 1851 1210 4553 5253 4509 6997 3032 
58 1867 9675 8395 4495 8271 3307 713 3170 9691 8449 5025 7638 3108 5779 655 6034 3921 2802 4888 4400 7724 1417 6103 2086 7920 2383 3946 8993 4497 4217 2398 6707 1876 5675 963 9490 478 4919 3933 6671 3306 1373 5276 3037 3260 7336 6770 6394 265 3126 6273 7084 7349 7350 4305 8044 8123 5273 
57 6822 6961 9979 3281 1838 7864 7104 1100 5487 3317 8198 417 1223 5719 6584 8504 3993 2187 3373 4331 4247 2505 6737 5892 52 5442 8268 6920 7091 545 4016 5558 214 3757 6856 2183 4719 2317 7400 8669 9468 5337 9605 1161 6490 791 966 4633 1202 2321 7964 2286 4883 8654 3402 8091 7537 
57 3629 1315 2008 8179 1414 3692 627 6168 9627 8157 5369 7683 2305 3112 9537 85 9546 611 91 6587 1429 9370 8799 3308 7562 7081 5308 7542 6733 9237 8361 2700 3967 5681 2218 7961 281 2650 4110 2705 6194 3217 9727 407 6193 1829 6310 6057 4545 7974 562 7348 662 6364 2238 3064 1510 
56 1273 2883 7956 1815 1447 1888 5743 8557 7428 4196 4502 9633 5303 4291 9795 3636 4607 3879 9678 4696 7515 2388 7276 8134 862 9968 3258 1681 2 5911 4237 1999 9348 7292 5607 4118 7500 5863 7752 8208 5275 8317 2974 4287 4422 6998 7074 9168 534 6079 5065 2449 406 4951 9430 9476 
55 1757 1664 6670 6656 9820 6418 945 699 277 8328 8548 9640 5783 3601 9538 5082 3073 2072 5263 6067 2771 1248 779 9724 9778 2341 4879 9816 5074 4902 4739 2560 6763 9368 2687 6083 3913 3726 5938 642 213 3144 4860 9063 6667 2013 7781 6702 7950 6685 234 5944 4319 5629 3346 
55 9847 2986 1735 8630 8962 4536 9306 6455 1724 248 439 95 6771 5627 4880 8555 1494 4798 193 3930 1062 7691 3077 1592 3065 9980 232 8628 8539 184 5310 1828 6299 274 2616 7852 8709 6532 1122 162 8775 9173 8443 9390 5269 6700 9971 5673 9007 9811 3033 59 9635 5543 431 
53 2917 7399 8728 1515 3471 2942 8435 2335 9282 3263 6711 9562 830 1963 7382 4966 6422 2362 2394 7211 9837 7120 2228 3574 3710 5523 3285 8638 2039 2990 6332 1165 6047 4889 1856 2199 7486 132 1291 9443 5131 6872 6126 2339 4993 1901 6968 9241 9545 6011 2073 7795 1892 
53 4071 8731 7799 7064 817 2714 7180 6206 7249 3821 1792 8989 5234 92 9116 9190 1738 4969 3793 4653 886 2601 8416 6292 2621 6682 7791 149 8116 1750 2274 6253 827 8360 449 4999 2701 8318 8706 2733 3744 3884 5869 9126 937 4760 2914 749 8327 3128 7002 2223 8677 
52 8292 2061 7318 1005 8587 6189 5885 4194 4153 1640 6000 7922 8642 5240 8243 7837 934 7984 5567 5228 8814 3648 3443 8105 112 909 2526 6283 5715 8427 260 4578 2367 2646 6691 4627 3078 5246 4721 8769 8696 6623 5515 6943 900 7151 8865 522 2010 7783 8957 3569 
52 7957 9216 2327 6456 2233 7455 6786 5358 2780 69 8856 4285 168 6814 704 1232 3290 3701 9975 9106 3450 8901 9141 5305 6915 3672 3416 6171 7098 9111 6800 130 5728 6483 9704 4581 1924 5641 3309 5283 4222 6781 6489 1011 5177 1607 2493 6084 6295 263 343 7112 
53 9619 6228 1833 3049 3167 7553 3572 2899 5636 9830 5663 9559 3666 4171 1733 1968 6639 3896 9526 1045 4642 2901 9101 1643 7361 3251 5600 2190 8446 22 8470 8896 9080 6810 3815 2438 4253 1548 5270 5832 6341 5251 7269 6236 5395 971 4541 3484 5068 667 295 2276 1718 
51 1138 9140 4066 7186 1384 696 3005 6164 8040 1852 4250 100 7759 9134 7043 2776 7103 9832 3499 5043 8926 9022 6713 1455 9440 319 4521 1463 4190 4187 4550 496 7721 9352 270 7159 4707 7517 6144 1103 9922 5204 7814 2628 9383 6585 6266 2606 6919 3545 9753 
51 303 2869 6633 6044 567 2006 1794 9469 3490 1997 1233 9634 6741 6601 1175 1182 649 8151 1716 6838 9809 9928 1330 8296 618 1516 5587 2996 104 1469 754 3777 4360 8289 4933 2427 6522 1401 4946 3175 4226 6876 3224 5867 7748 8174 7371 4909 9781 8350 5244 
49 7657 4494 3168 6901 2507 9246 5856 8020 4299 2261 3319 2741 8882 7746 6784 8176 7829 5879 1589 1117 6519 8033 9701 5042 4970 6443 8415 2109 2420 9870 6167 577 1420 8457 5111 7963 6275 7396 5575 58 2255 1801 7696 9560 6867 4338 8558 8089 2813 
50 6381 4150 297 6654 3826 4387 9544 8323 9543 9254 5957 152 8791 6305 6719 7118 5799 7569 7493 215 4491 1110 7231 9923 2547 7552 414 4276 9142 801 4912 2309 2803 1151 7067 765 4650 2965 7803 9323 9887 1234 5388 8683 9568 818 4790 7977 4955 9536 
50 3055 7929 7709 3253 1013 9852 3176 3830 2657 2934 7737 5507 1863 9286 2952 711 3623 4282 1104 9566 6619 5768 3893 6816 8855 3511 3397 3150 9188 621 8074 2387 7155 7185 8697 891 4814 5418 2962 1621 8152 3920 5073 2253 7888 8087 4723 653 8131 7441 
48 1560 6724 3442 580 7846 9412 1588 3816 5668 3605 8955 1324 7912 7730 8686 1109 8103 4137 1245 5041 8764 2159 8403 2062 83 6776 8656 9269 9250 4036 4517 8733 6632 123 4574 7213 6136 3151 1696 9 1084 635 3860 9577 3218 3238 4197 8789 
49 4078 8342 5971 3640 8699 2079 3947 7876 661 7086 3807 7901 102 6971 9617 6896 4398 2921 2141 8502 3948 6138 4667 3139 2837 547 9185 4312 335 4524 3639 5419 2891 6586 6937 4391 1099 6841 7596 8183 3192 1658 8305 2786 6045 4013 790 2273 1134 
47 6412 957 6269 9935 7993 2512 4164 200 6710 1955 1460 3493 2585 6280 7777 6407 5777 7726 7894 6642 9612 2595 9292 6970 6975 2175 4571 94 7272 5722 192 1807 7639 6599 3109 145 3882 735 637 2643 8352 1581 8222 8797 3514 3097 1261 
47 3580 5161 2296 1406 7230 2422 8832 718 5120 6356 9018 8795 8367 9242 2033 5466 3798 4764 7341 8383 6423 4498 3045 2632 2506 2662 1188 7966 7653 3668 309 62 8066 9417 4923 7774 3801 1680 1172 3048 9616 4425 5077 7603 136 5697 2169 
47 2247 268 1866 7320 4693 9046 9806 3068 3989 6186 1106 6809 6270 9684 1862 9077 1584 599 178 6730 9859 4562 1031 639 5216 1612 6061 9584 8347 838 4304 5989 5843 8899 7765 3100 2458 7039 3302 5560 5647 2280 6073 5046 7559 557 6853 
46 549 4379 9901 7114 8055 5698 4848 7666 483 1729 2118 5267 2831 7245 1587 715 2174 6885 1774 7148 5278 8148 2955 1340 512 9539 3521 824 1761 2365 9107 9603 8140 3581 6097 3604 8223 7261 7539 6209 8423 7008 4504 7335 9794 6479 
44 6198 4058 6662 8840 5615 5034 7372 9874 9382 2967 5453 9657 9262 8737 4347 2355 4677 7817 5329 1980 1008 9722 3501 6205 4801 2414 5605 4567 2024 7592 2871 8977 597 9438 4864 8100 3162 4927 1826 1552 170 7766 1173 8210 
44 375 6160 6529 7911 7028 5710 7677 9705 2639 4421 989 3784 6213 9812 2515 8990 5372 2753 1389 2468 9844 3262 8143 1932 9498 3895 8562 3353 8068 6187 8794 9802 4201 3456 2080 49 5591 3983 246 3712 7024 1575 3589 5606 
45 3371 4687 4586 3333 8586 6304 4630 1804 1010 9654 3976 3191 2059 7761 9738 716 2040 6036 2375 692 3123 663 683 4407 6608 139 4853 1265 7550 1395 7060 6835 1068 9279 4702 3355 3283 195 5685 5434 1938 3488 9614 9993 7223 
44 1992 734 1879 6424 8489 1090 8573 8133 7631 9345 9182 4593 6643 3247 6491 8951 4638 4270 9934 7220 728 6156 4688 9917 7137 7969 1687 9028 9310 958 7012 9091 8997 9873 1669 9331 2193 6227 1953 4383 5848 1082 7035 6111 
44 1776 7561 190 5237 271 7927 4112 6021 895 6261 7092 290 7785 546 1873 8030 8494 3606 4055 2568 1029 9554 4489 7007 7982 6162 4960 7006 2201 6234 4737 983 7204 4283 1467 5791 7283 5846 1841 3107 1226 7257 6288 4047 
43 5868 2695 3245 1773 4537 6849 2455 2401 5602 9477 9375 2732 7856 1168 2164 5514 6223 7857 9482 46 6326 3495 8450 3483 3577 6033 4378 4827 2895 1596 8714 8924 9350 4859 7395 573 1731 4459 1454 8612 2227 3386 3172 
41 9563 8564 7229 7512 6752 4208 2566 8203 8816 572 4602 942 2745 4278 8401 280 8938 8963 133 6181 3962 8545 8807 6149 6027 1505 7571 7306 3282 7841 9518 7158 5924 4229 5392 401 7568 9387 3349 1242 7166 
43 5693 8509 2324 9052 2928 8274 3188 3991 7085 5539 3789 761 475 1943 2397 709 2565 6839 6772 7145 9988 1357 9136 5524 3747 703 358 5765 186 5079 6732 9597 304 9145 6986 2490 1437 3987 1191 5162 9918 3286 2408 
41 474 8520 8086 3651 8426 6875 8915 9485 7628 5584 3054 1352 7636 4871 9276 3157 7796 4096 3907 6593 1236 7543 490 1743 9110 6351 5315 460 7124 182 5905 619 7821 1698 5555 9782 2114 954 4315 9499 3969 
43 9084 622 3527 9452 6851 9191 326 2036 1500 8187 2105 1331 4384 7234 4652 5770 275 4002 5692 2861 6963 6308 4188 5522 7998 2868 1434 7578 386 7827 8983 7740 3800 236 1728 1445 3140 2259 7772 5148 7303 4178 626 
42 4435 4788 3409 5491 3865 730 9631 9965 1723 4035 5135 2442 5838 2673 3326 7414 6140 3372 8312 1294 3062 278 3961 941 9565 1624 6660 7547 4765 7308 8754 4780 1848 1517 3095 1148 6330 3715 2450 4778 1001 9796 
41 5717 6965 4984 2788 9851 9255 2957 5699 7648 992 2180 9557 7576 1846 5170 3839 6708 4821 37 5122 3007 682 256 7099 7921 9122 6918 8117 1608 8818 4290 6049 2494 1812 7832 8860 4446 3858 8613 7751 142 
41 7952 2774 6135 9996 5890 5748 5771 8784 7787 6255 2409 9948 8970 4046 4892 2241 3261 4219 5464 9734 9240 2644 8872 6429 1065 1916 1337 6542 6697 7780 2631 8381 4448 2785 3819 3769 1677 1127 5408 638 4445 
40 445 1978 9402 8302 2230 513 2539 8554 3915 9872 2578 9900 1257 9527 3425 2393 2898 1292 8800 4809 6714 7806 7353 5611 4514 3242 2047 2404 7030 7385 451 681 6950 8130 5127 8636 2138 1055 5029 1574 
41 568 5222 2589 1323 4455 6202 9549 3783 3840 2997 6967 266 9742 1725 1595 8225 9800 7462 9177 9001 6008 6734 1832 2808 4831 6370 9893 2533 6086 1070 5075 3727 8910 1691 6635 9719 316 1823 5512 1185 2117 
39 1040 8102 5359 3849 5285 1830 6413 8085 8682 8876 9564 9963 3085 1271 7222 3075 2558 2437 7507 6923 1638 27 5007 8280 903 9506 6785 6774 4513 5788 6401 9162 3243 1966 70 2623 5588 8098 8337 
40 8950 7088 1113 1734 3029 7430 9487 3717 6357 6570 5503 3775 175 9729 6902 7770 3621 405 2854 8593 3130 7619 8252 6628 77 6204 373 1928 8966 1824 4771 299 2764 6233 3094 8519 4424 3994 3880 8480 
39 6541 4475 2538 5654 8277 4673 2518 6454 6128 1762 4786 2440 9992 2972 1820 7266 5023 279 5986 5039 914 8887 453 7583 6636 8853 6646 6666 9404 5871 5051 3240 7834 2349 8211 5790 9532 8874 8543 
39 4214 477 3990 1651 502 98 7190 4782 241 1349 9272 6589 8257 2622 893 1800 5462 6574 6444 9941 786 50 9181 7932 7003 6055 4943 5319 570 8092 4265 2638 5657 5022 796 1614 9875 12 5841 
39 7119 7711 1228 315 6265 1251 640 8059 9743 9209 2385 1521 1193 865 9000 9823 4086 9706 4429 8779 3437 2150 420 6175 6385 5196 551 6092 7300 9521 783 7469 6933 4918 6760 8043 7869 5311 296 
38 3030 6794 6694 8021 1625 4875 6984 6058 3082 8191 66 8631 2453 294 2648 7394 3009 5188 7167 5220 9725 2971 7299 5778 8045 4342 6095 9342 8972 4010 7670 8647 6664 6715 7489 4695 5150 302 
36 3693 8458 2436 5049 780 409 9118 2613 7041 1081 7209 6615 2377 6120 4685 122 7271 8976 2153 537 2532 387 4954 1382 9683 8635 5423 3003 1375 7026 5659 6339 3412 5547 7641 1540 
39 8204 8029 5572 8370 150 3375 4115 2464 6648 6498 691 4775 8956 3765 9361 1461 283 3 877 250 1449 4097 7439 7258 237 6383 466 7055 7423 2807 7332 5833 2389 7001 5458 7215 1576 4662 8377 
38 768 3311 8715 3910 8774 3114 2181 6024 7916 9263 3909 9623 5451 7525 6808 2959 1907 1668 536 9183 8676 4334 2256 9285 2522 5774 8655 9008 746 1329 5429 7073 8572 390 8541 616 6494 5672 
35 3008 9090 8158 874 482 4826 5012 7246 1311 1620 5701 4907 4213 395 11 3874 8974 6240 5537 863 6471 2303 1164 9041 5157 4745 3906 7079 5096 1452 6881 1619 9591 8527 7404 
34 8878 3475 3544 2999 5678 4139 1211 9641 3228 3859 9574 7587 9351 9407 2231 1471 1965 1857 7887 7908 2545 7514 6040 2555 9260 3932 7377 8282 8429 5142 5318 5731 6534 7049 
34 9913 3426 9575 5428 8037 1511 9570 6476 2206 2875 7654 670 6821 6863 7205 1502 1727 9866 676 7354 8197 2022 3960 2066 1617 2301 9877 7973 4151 6434 7586 5817 2055 1951 
36 5343 9649 3384 7319 3200 3966 6538 5036 6336 9712 8485 9911 9424 501 5210 6353 5619 5219 8748 1941 2085 8930 8660 2636 4454 834 8497 7359 3131 7618 8919 9339 7938 2221 4273 2152 
34 8758 5282 8868 8768 3036 3414 2320 6659 5709 6379 6211 8186 4486 9480 4549 7529 6738 3406 6778 7378 3089 1039 8256 3695 5775 9066 4257 1906 9271 5460 8008 8454 4103 9326 
35 6607 7020 3138 902 5712 3615 4202 6119 1215 4099 5835 9228 3584 7440 1790 67 543 6811 5233 1996 2336 9428 5085 3183 8132 413 6017 755 738 9797 5443 1374 8106 7123 7311 
35 1269 7329 5500 6420 4003 7434 2696 7096 3746 3974 907 4111 4499 1967 9043 3011 1603 5981 3808 2358 2542 3982 721 1616 7851 6673 5252 602 2094 8905 5894 4077 8120 3665 4750 
35 5245 8739 4635 3066 846 9524 225 4034 506 3721 4594 969 7764 9288 2089 7570 8760 1720 1075 7360 2012 1171 4738 7454 5321 8732 4303 3198 9193 8 6433 910 3189 795 181 
34 4948 7585 7224 8991 982 8445 5375 7840 7595 3165 1392 6641 4690 2151 2979 9155 3379 9244 9386 3725 4590 1782 5028 5355 1675 2734 3486 2985 4418 4218 1107 4987 8884 3812 
35 8189 8024 7210 3396 7255 6474 7492 1496 7732 7282 8664 2054 7532 1302 4921 1314 4851 5360 5882 7294 8015 6549 4609 6100 2222 6791 9340 5781 7163 6981 8735 2200 383 9703 9916 
31 9449 5829 4409 9037 8671 3583 9620 1338 7415 3532 8027 6882 4591 8873 4359 8992 8135 2756 8315 5102 7487 6428 1600 2943 436 9210 1147 7054 1549 5280 8898 
34 6913 5858 2915 428 57 6903 7692 7263 4756 5291 1443 5101 7149 5725 3470 1203 7417 4369 2708 5427 8496 2757 1890 3226 1205 4797 981 204 6088 7896 9369 3505 7606 6185 
32 7109 7690 2577 5601 6969 7642 147 138 1787 8550 3753 2842 3645 1827 8813 6286 7656 2860 7345 3937 8052 1184 2005 5617 1665 9622 7214 2847 5467 1360 224 906 
30 2015 4666 448 3818 6985 2781 6237 8486 3451 9785 4356 2360 3489 3473 8438 114 3392 7032 5826 2146 630 4589 8570 2767 1277 1809 2029 2618 3836 3562 
34 4877 8459 2426 9556 9757 4028 5686 8595 422 2477 4163 4167 9962 7645 8750 3763 2994 6231 7260 1650 5261 4576 468 1174 7470 1361 8859 8756 5964 6461 5057 1306 5125 4124 
29 6031 6003 950 6101 6989 6716 3215 3231 9516 3925 6122 4033 7331 2084 8242 4579 2932 9125 6510 7324 650 4726 3237 8320 6177 9747 9277 5857 2814 
34 3655 3540 1869 1518 6922 4957 7203 9846 120 5100 1309 5907 4125 9858 4692 3661 8841 4032 5739 9017 9695 6551 6130 345 3305 810 3254 6637 5002 4288 2361 6257 4755 5884 
34 2944 8978 1221 9890 2916 753 8523 1745 8018 1985 1799 509 7502 8988 1259 5093 7646 5645 9085 2873 7016 9365 5397 9415 503 7126 1825 885 9793 2219 1290 5435 8463 3618 
30 7913 6951 5107 127 9761 9481 659 2525 9298 4394 5700 5529 238 1468 974 2419 8336 3059 7728 3684 7431 3944 2161 1076 7175 5797 7831 3480 1602 6063 
33 1492 6877 9267 1904 951 2686 6272 3194 8421 5014 2366 8973 4711 2104 5880 2633 4560 814 3361 6254 2195 3803 1183 2727 9502 5459 5595 2211 6080 1141 2312 3417 321 
28 4679 5352 8155 7315 462 9458 2126 7987 6921 9113 5123 6803 9425 8177 8039 6846 2655 1611 7624 603 7044 4982 7991 3671 9773 307 9531 8861 
33 1512 1860 8848 1313 1240 4658 7665 5576 6081 1256 9789 4019 612 2051 4979 5849 5525 4473 1717 8592 8465 8668 2562 87 4508 6315 3787 4886 8908 4728 5508 8847 939 
30 7862 1908 1693 9353 6698 7135 2291 8510 1897 7647 4988 2859 6940 9758 9709 8513 1885 7797 2707 2574 5420 1739 7317 371 6941 9749 644 2243 8363 7825 
30 6403 208 1843 2217 3531 4895 8266 365 9330 4834 4533 732 9470 6137 4289 1578 6396 7895 1162 2014 504 859 7717 6022 9650 5055 1730 792 5225 7374 
29 1105 5756 330 7479 300 3657 4989 4236 2402 3877 9479 2611 3553 4565 8863 8680 2721 4480 5015 8050 7540 7307 255 7170 5499 1708 7161 7264 8022 
31 2166 6884 8224 1655 6503 2207 6023 2797 6367 1412 4104 6605 4718 7298 8366 5984 8390 2832 2584 3365 3934 344 2101 9529 2598 7184 2905 7087 2953 3440 4641 
28 719 3119 3364 3524 3970 6865 5045 3039 1476 1264 6442 8817 6758 7866 7072 8673 1648 261 7029 2723 4463 5609 1398 4251 8778 2441 6613 2818 
31 7198 6740 3779 7226 5541 6141 9127 3098 8945 6218 8220 2504 7021 4464 3351 8129 9572 5694 3164 9855 4095 6553 410 5752 9771 443 2679 2864 3084 2880 7985 
31 3257 2742 1689 1995 9314 1628 7162 8937 5837 7843 3901 8407 4582 2417 3233 866 6386 8288 5943 7674 8408 9491 1793 2469 3214 160 8369 7953 2752 5666 8054 
27 1178 1977 7477 5917 1746 949 8316 1771 282 5385 6908 1154 3832 1945 9006 2239 1405 4132 3587 6411 6860 2843 8482 6487 1909 3929 5723 
26 6252 2663 7933 8694 8827 286 3463 1872 17 6897 1057 2229 3342 517 3301 7944 9426 3660 3497 5207 3971 4267 1295 2890 107 8535 
27 311 6402 7386 3802 1937 6460 3785 74 8291 1741 3999 5651 4234 2834 9488 4165 5199 9967 8894 5667 2725 2460 7409 845 4308 4145 4156 
30 789 8786 8536 32 6048 9064 7364 2543 2969 2048 2248 2535 5872 4663 5527 2279 7605 9674 3385 7798 3902 6852 4791 2226 1379 3922 9025 1514 2410 3588 
30 6150 2198 442 199 823 1913 7847 5899 4689 2910 202 5792 5929 3981 4647 5906 7695 3979 5643 5333 747 888 8041 1083 5935 2372 2456 3978 5987 1929 
26 3696 5913 6886 595 9070 9219 338 575 2139 2501 9442 125 5963 6337 9174 5696 1661 4083 5873 2145 9486 8626 6388 5390 1887 5865 
30 1024 2123 4761 825 2982 5628 1453 7686 8214 2885 7004 5004 1217 6612 3121 8889 5729 2489 4708 3678 5056 5916 5144 6990 2750 2165 3185 1089 9396 9227 
30 726 4511 4815 9815 601 5433 2333 4664 1859 2107 6331 2713 3846 9355 8283 6866 525 4389 8810 3955 2168 99 1482 4994 9775 9198 8364 7251 3838 3380 
25 563 4017 7808 8500 2467 9410 7262 6726 8616 4263 9060 518 6588 9892 625 7694 7644 5521 2925 4126 3106 7565 2457 4057 108 
29 1194 4154 6942 1797 656 6927 7445 8542 4113 106 8551 1531 5032 9629 3756 9233 5706 803 7419 7421 9094 9606 2064 9034 3350 899 2371 7739 2848 
29 8290 9503 565 164 4938 7171 2275 7769 4990 9157 3267 6728 3550 9592 7551 5796 1124 7240 2471 8476 36 7160 5922 8090 6731 6258 9013 1003 7714 
25 9550 3050 3513 161 4858 9268 3099 4828 3465 8160 8689 6043 356 2232 5038 2097 9218 2197 6468 5677 6147 8409 778 8770 5504 
28 9463 6756 1260 8803 1508 9002 9357 5550 3754 4453 4628 2319 2947 2978 2093 2102 1477 5297 2290 3711 101 7244 3745 2421 1488 4962 1006 3617 
29 3758 3092 839 4020 7710 986 1181 1169 4595 4615 7794 6094 1539 3101 1656 1351 4547 9235 5805 5759 2743 2689 8478 8501 1249 7649 1128 430 6569 
27 7891 9011 5955 7253 5409 2119 4477 2025 3845 402 4472 1235 3428 4009 999 7848 227 6957 2282 5104 1704 5364 5454 5760 2839 5265 5616 
28 8104 6053 4088 2731 1281 3949 461 9912 7629 4117 5472 8741 2634 5959 9863 6798 96 4262 8751 7106 3653 5740 5109 9423 6964 3892 6955 1139 
28 4648 7546 4686 2651 9681 5366 607 1480 4371 3466 6391 473 4856 4985 5614 5852 3467 5789 6472 7225 333 4610 469 4295 598 1230 9854 3631 
28 2026 481 4207 1986 5751 8094 7456 1710 342 2835 1639 90 8026 1317 4734 8969 9958 4621 5153 3132 8846 6107 3762 8404 2182 5596 9120 1150 
27 9920 3773 9625 2323 9068 645 458 843 9319 484 8952 7860 1504 6203 1130 1388 5772 9161 5755 2475 2779 1506 7052 6573 6959 3662 6260 
27 400 965 8207 498 5156 1627 1912 9089 674 2737 5172 7615 9716 5804 9957 1498 9315 3996 855 8495 1080 2034 4324 8625 1052 5446 4725 
28 8566 1363 7446 7867 9457 8353 3675 4884 4397 833 5583 929 7879 5367 7179 6604 5133 2761 1520 6847 6419 4402 5203 5439 4897 5224 1726 1301 
28 864 6669 4807 3199 3220 8379 1239 4256 8263 163 3750 6447 6414 7735 1050 8528 4620 7734 9221 785 8286 7485 7484 7918 4392 5410 2019 5047 
23 3578 3338 9896 6746 6571 6684 5670 1368 1964 6174 4336 9108 3177 8537 3831 5542 2262 8724 2257 7338 3863 1865 2373 
27 6735 7248 3354 5425 1487 8747 8652 3790 8918 912 1534 1198 3016 1934 4845 9384 5767 8388 5078 7664 8734 2579 5718 2610 5354 7758 3279 
24 5649 3468 6346 1297 5116 4426 7187 1387 1649 6459 5655 9835 8307 931 2331 51 4146 4766 2728 8765 7219 571 7828 3500 
25 9985 2881 3632 5054 9394 7466 3146 7366 1960 6359 4746 4997 5105 1451 7675 7201 8812 2692 7826 3804 3677 3943 5474 4189 9296 
24 4644 8190 4089 254 4441 4654 9879 8540 126 1163 6620 8460 5288 1268 4131 5447 5546 6373 3529 6539 2961 392 3945 8238 
27 8447 8588 3972 9105 4605 4326 7207 1166 1004 7823 4093 1466 5992 8844 5217 3888 9665 2496 9500 6948 8358 9169 6973 679 5876 1418 4091 
27 3104 6765 4705 2060 5495 1369 4328 5400 9838 5995 5083 5878 4632 6478 745 2484 5403 1566 9098 6343 416 8313 4199 7676 8349 6453 3883 
28 6155 3368 6475 284 7882 629 2415 9054 2989 5154 2264 5005 3404 2712 2772 2081 8771 2083 7279 7132 8880 4375 7959 5855 9317 1701 1343 5586 
27 5517 3017 4720 4141 4245 2652 4503 6832 3782 8259 239 1783 3266 1224 8498 8417 2295 6525 2569 9413 8333 4488 6278 5342 1095 8001 4268 
26 6004 9495 9869 9819 4713 3759 1700 5998 2948 8058 987 7626 2903 5904 5035 9598 6077 5691 7786 7544 2946 1044 9792 4341 4568 5931 
27 4184 6410 8614 4940 8615 4344 5193 1779 4623 724 7077 8646 808 5640 4964 2672 426 5145 2120 5932 8602 1585 421 8396 6931 7527 3914 
26 2523 9030 1326 511 4639 3482 9284 4872 3102 6925 1861 9366 4529 6953 8829 9907 3649 9841 861 6153 9148 9095 1982 794 4741 7289 
26 1697 6409 5017 4481 4645 1942 8801 352 6775 777 2129 9651 9239 2236 347 1036 2553 2472 2801 3720 4769 7590 9940 9467 566 9915 
26 8073 8448 3510 2937 8806 708 6393 4981 9433 6722 714 1791 434 4053 3455 8643 8172 4076 5290 3234 6285 111 2564 936 8611 2586 
26 6239 6473 8410 1845 348 6672 9159 6268 6864 235 8193 1597 5862 668 972 2800 1413 4239 4192 1274 3797 8452 2594 4506 9970 8217 
22 8184 1949 7915 5099 5579 2345 2769 4388 7273 4974 4754 7853 1167 6954 9898 2027 7095 6993 5926 7863 2845 5571 
22 8578 2480 4353 15 7010 5262 2443 3072 4430 4403 4710 7443 3597 1572 2685 9692 341 1544 8755 6701 8053 7983 
25 7768 5516 1777 4656 8440 2675 7941 5031 7729 6406 9779 3593 1071 6180 4945 6577 3096 8600 7181 3318 2976 9178 4 1758 6721 
25 8892 3603 8254 4024 1189 3122 4944 1752 8662 9593 7807 8659 8584 4368 7897 4386 8141 8456 7591 9439 2287 5707 9676 9860 8877 
22 1563 2209 1098 397 6106 7701 889 5482 2348 875 6376 2350 8287 988 75 5121 2347 3452 5494 3687 9461 6221 
25 4084 8464 7174 7494 8110 6537 2220 5708 8650 3847 9163 1920 5577 7388 5194 5231 5030 5965 2647 7905 1683 2683 5095 3043 3422 
24 8792 6069 2167 7337 6805 5952 6727 2011 1756 9167 4449 6565 5052 4370 1753 2575 9356 6668 5469 8866 3113 6624 590 9990 
19 8773 9082 4651 2057 8590 1493 887 6176 574 8472 5081 727 9197 7597 8124 9669 4817 2544 8154 
25 3430 2783 2382 4914 9065 6078 2292 8987 9908 40 7286 9886 2552 467 8436 3998 9302 1877 1155 9437 6979 5978 3535 2540 4592 
24 5721 933 3022 9130 8653 115 990 3345 3271 1629 5139 3551 2340 5574 185 8651 3268 8944 5839 4354 3941 5545 5988 2163 
24 1142 5816 2495 7277 4724 1436 847 6161 1393 9264 8051 6683 9079 8221 1243 1933 7970 4413 4961 176 7427 7183 3644 1137 
25 4624 2216 1564 2551 7344 380 6380 7793 8293 1308 5704 7871 7322 1839 2242 5339 6267 3567 9399 3184 7530 5436 8311 7625 3204 
24 2642 6125 849 6634 1365 9645 4965 5690 2374 1981 2116 8583 9867 5483 9688 2258 5206 8393 4183 8685 5930 8777 9099 7937 
24 1524 533 3398 7682 5279 883 4406 5208 353 2534 6824 8749 8181 4254 8241 9206 4975 308 140 4611 3400 1153 1318 3586 
22 6745 1111 444 2270 9964 2192 5143 4279 6883 7743 3595 5286 5336 9777 9780 1334 6661 1149 6621 4363 5631 2755 
22 9864 4704 5088 8300 5933 5603 1688 800 3449 201 2254 9828 1618 7584 4680 1440 8723 3464 1484 6151 3255 2897 
24 209 7000 3051 8785 1864 4244 8444 9015 5630 3052 9333 1310 1237 334 7168 4168 4743 2001 5432 9711 8451 8424 9558 1410 
23 493 8902 7668 6526 9576 5967 3811 65 5314 4770 2653 9945 3481 3935 1571 3954 2823 5115 4701 2492 6595 8265 3021 
19 4829 984 5386 10 542 8933 8601 2215 5186 4527 3344 1383 3376 5750 7946 9259 9891 1570 8279 
23 457 9586 5650 6512 9158 7697 9303 9987 6751 8017 9553 9293 8852 1917 3004 5247 361 628 2870 7391 6464 5363 3012 
23 7314 6327 4659 4973 3904 6344 1299 5941 2332 9337 3356 8687 6938 9093 4306 1028 6892 314 5544 2550 811 2794 5688 
24 5540 4404 3502 2473 5724 7425 8864 4114 2580 6378 9930 7397 5313 1990 2306 4505 3837 555 4926 9494 7310 3928 7996 9329 
24 1421 4733 1634 267 6313 7048 3394 9441 2156 5016 8721 5019 4899 3525 346 4182 2987 8658 3303 4269 4242 7968 9673 1300 
24 4255 2782 5347 7448 6580 8272 2867 6451 6064 5243 3939 8314 6802 878 5993 9662 3822 8579 287 7722 4700 1472 675 465 
23 1267 2690 1252 9466 5374 5298 3429 1424 1396 1979 5167 9400 6318 1444 3764 5349 6183 932 7202 3681 7288 6650 710 
23 5954 6567 9751 772 7066 8761 6013 3174 7651 959 3592 4461 7942 2826 1025 8180 4193 3942 9434 8507 411 7057 9281 
17 6039 2439 9358 1448 3856 1671 1187 3142 7027 42 6154 648 5845 5331 3899 6016 5665 
23 2147 35 6523 775 9151 8014 6848 6696 8705 5092 3186 9039 9447 8399 6369 9791 3248 8205 5787 944 7980 8552 6051 
23 9845 1177 354 4366 7693 9731 9362 355 2042 5786 5097 1622 4822 7945 3018 5129 6302 3171 7358 4554 9818 1526 8921 
19 6912 4355 7274 7762 6625 2850 1499 363 305 5680 1238 5754 8663 1495 9596 3413 4640 8517 9573 
23 2074 4657 9179 9647 4063 8782 5405 8953 8903 4747 7790 3359 3659 5114 2929 6449 1760 5264 9123 8226 8057 748 8069 
22 1970 6220 7884 8412 1415 4302 6681 3154 3447 8842 1606 8729 7858 5671 7033 4294 2354 5239 4310 336 8453 4108 
22 4349 210 856 8188 7503 6121 9790 1591 7403 4963 2500 6812 6372 1535 8299 2798 8927 6230 5623 4697 5714 9465 
22 6200 5626 1755 8665 4119 425 8743 4087 2052 1905 7958 1446 4655 6314 9422 2087 2624 8487 4149 6065 5230 1837 
21 3334 6245 3453 9561 6066 3117 6201 9103 4443 5357 8432 5132 8598 919 3223 7038 2069 9454 3543 7154 2691 
22 4080 2132 9949 9273 6098 9822 7754 4221 4777 7046 2017 4322 1770 5807 3630 2249 860 1788 4079 9885 4540 3559 
22 5090 6536 146 9135 9364 1930 196 9139 9056 812 694 1853 7333 3768 7304 2666 1231 8858 9119 4332 7356 8384 
22 4507 977 1835 2852 1768 6041 6389 8126 1871 7461 1690 3599 2778 7979 673 4061 7833 9656 3641 6978 8195 9172 
22 1959 9702 8194 4029 3434 7558 1464 1946 6235 8258 1485 4001 9807 6232 3506 4272 1636 3310 4904 6294 7881 4996 
22 5887 2056 9464 5238 5861 4767 9379 1096 8492 9194 5632 2739 1657 340 1927 5084 8354 532 2656 1641 3613 3723 
15 7013 5284 4351 9946 9275 28 9367 6826 8405 9280 7669 9431 4683 8716 4116 
21 332 5377 7994 3393 6962 8505 6898 9508 1078 173 7351 7212 8532 528 664 450 3019 1408 5362 998 5836 
22 9385 7934 8529 8609 6243 7309 3044 8693 6983 9335 3609 1769 3563 2002 9535 5823 4928 5011 3730 4649 7011 7093 
21 435 3512 6173 5962 9031 369 2612 1047 9661 5582 7718 9050 9594 9534 1957 1380 2194 5644 2886 9061 9176 
21 5295 2338 9180 7134 9497 8339 4675 8909 1058 5117 2485 5215 3953 5687 9895 4995 471 5625 226 9736 1086 
18 3147 3735 252 9143 3625 5379 2311 2351 6117 6709 5414 5912 3600 6895 3405 593 398 9097 
21 47 3537 633 3205 2809 8610 3547 8264 4232 116 8954 8475 3881 5893 5531 9067 8114 1093 6210 2271 3313 
21 212 3680 4953 6089 5241 2234 2557 5674 3714 7328 8922 8931 3642 8514 6506 8142 8790 7268 5493 8332 6991 
17 666 8493 3867 7488 6157 7164 1749 634 3187 7291 2435 8275 7297 1195 5202 9290 5937 
18 7108 2110 5610 4159 6038 3796 8165 3013 2676 6945 6408 3766 3407 5492 6118 1694 1961 6096 
20 4863 9042 7102 6729 1553 1364 8007 5844 2596 1519 6823 217 9029 9455 2488 1390 5190 2888 3656 1573 
20 6208 2000 5287 559 7903 2082 2115 1541 2364 1283 1073 6142 242 3558 3927 6766 9189 2940 4049 8122 
21 5920 5621 2754 9199 6426 8843 4937 9624 6312 7661 3137 337 4362 6557 5928 1262 6070 3485 4757 5682 7017 
21 9636 497 2896 6172 2121 5481 9299 5559 2299 6006 220 2144 9170 1786 8608 3250 2908 1287 6354 9834 3264 
14 3654 8345 4060 2447 505 5416 6531 3206 6759 2730 1732 3898 1805 7042 
20 7373 7193 9512 6188 1537 8413 1747 2498 6977 3448 3074 2991 5126 5450 1258 7880 4298 4671 4339 5953 
20 9744 6575 7663 6279 2702 9192 9324 4924 9278 2016 1320 5590 7607 3523 9689 5703 7725 7756 5044 4490 
13 2384 9231 2186 5496 8466 2466 79 6300 6594 5455 1868 8078 7058 
20 7557 4228 8167 6618 1 5201 6059 5689 495 134 3526 8839 5236 8998 5506 2423 5312 2148 1304 4891 
20 2649 1186 5660 1475 5070 3905 6566 3454 7100 3813 5793 2381 9904 1975 2392 9373 6626 7951 4133 5973 
19 5307 9100 2240 1474 9849 4074 4136 9630 2682 6869 2111 5945 7426 2503 9555 7667 5024 4311 3041 
19 4482 1430 7387 377 6999 7334 8516 8917 3494 5633 9762 787 9772 9040 5618 1473 2334 5551 737 
17 2297 4773 8063 153 9583 7875 8127 4198 1765 2918 4983 3071 2133 3835 6368 7954 1948 
12 8670 7194 3076 7247 752 3158 2970 6653 289 1594 5563 6467 
19 3557 3833 3940 7811 4532 2246 9444 4906 3980 5396 5733 6578 2517 8964 6555 7413 7719 4479 9906 
17 8711 2184 6932 8182 1307 970 4715 5257 2514 1811 6787 2820 4556 8295 1522 4416 2926 
19 4107 1102 6251 7457 3476 9038 4209 7999 4092 487 1298 9582 6949 4284 7343 4134 6145 5918 5361 
19 6547 3594 4205 2790 979 4539 9671 9939 5258 1672 3079 1712 5638 5327 1397 8365 9909 4040 1327 
20 318 5158 6133 578 2602 2444 7009 6874 1702 760 4176 6790 2855 2088 9266 7416 1014 8322 8235 9131 
19 5732 8995 1565 1660 7381 4224 1875 8004 8294 2154 6545 167 6432 4600 4542 6976 7437 5003 8618 
12 1135 9798 9389 5925 1253 9713 9814 6788 7290 2098 2697 1378 
20 6550 2031 7191 6657 7830 2796 1891 4335 8904 6736 829 1742 6891 1754 6421 2827 5058 1962 9374 6870 
12 8890 9230 7560 8248 6929 915 7800 9154 1129 8260 5159 1212 
19 4830 376 9341 9062 5684 8072 4825 2762 6859 9460 2572 6303 8914 8270 2993 4785 6148 82 2203 
18 935 7152 657 2527 7513 2935 515 9718 8097 205 556 7192 4142 6028 736 2131 3042 2529 
16 1803 3181 5306 4365 6134 8576 9801 9053 6037 882 6535 9124 2968 3327 6093 2724 
17 4352 6630 3469 3031 7392 3686 6281 973 7923 5648 1764 564 1296 7801 7906 8959 6342 
18 3445 9804 2984 5622 7516 6178 3222 4712 9843 3820 654 5378 5146 3143 8503 8522 4606 994 
15 3708 7926 947 3293 7062 5401 7139 2567 6014 9984 2836 1599 2353 6559 7472 
19 6430 7097 2406 9652 1282 4314 3487 7365 510 4073 7340 1556 7241 8867 2583 8943 447 7731 4220 
18 6645 6009 2368 9156 6301 3992 3213 2793 6131 9448 8875 1214 5151 9051 269 7390 3965 8147 
18 6563 313 6132 8298 4147 2078 6085 3968 4280 3752 2872 3864 3431 1490 4230 13 1377 5108 
18 5711 4862 5087 382 2128 6820 7727 2740 9607 8469 6010 5745 5612 1362 3792 6019 5753 5173 
18 854 8348 9952 8585 7931 918 3221 6773 2587 1486 1976 7892 4616 1059 3533 3063 327 4158 
17 7379 6062 141 2407 9321 6513 3235 7047 3738 9587 6561 5549 4240 3612 4971 4911 707 
18 9109 2178 5830 6247 3685 2037 9205 4942 5810 6679 3034 4166 3427 844 2879 7136 3284 4292 
18 3739 881 9505 871 7614 1921 8851 4423 6572 9961 9991 5785 4551 4956 2127 9668 9024 2865 
16 1874 2548 93 4625 4947 8161 9435 6554 569 2266 6617 5599 16 8137 7533 3289 
11 6321 6793 5530 9728 2744 8206 5960 5048 7673 5896 4901 
18 9071 6966 4123 8820 3211 2722 1394 7749 8512 9699 4030 2344 1112 2830 6250 1115 6958 9638 
18 2112 3232 876 8229 7080 8108 614 5870 6262 6276 3736 8752 1126 4427 6417 7589 418 6242 
17 4836 921 7643 5001 9998 9919 1679 6264 1836 322 7919 1987 5773 5316 5463 2329 7943 
18 3740 8035 7633 6248 8218 1814 4852 9978 3590 3700 3118 8757 9057 3387 9507 424 869 4243 
18 9613 415 7555 9639 1176 8150 7898 9363 2378 1321 6947 5747 6074 8387 5897 9214 8838 3825 
17 8940 1613 2075 5021 7872 6880 1590 6928 4915 5118 4612 4447 5098 9129 8083 6768 6631 
17 3566 7019 5457 2680 5486 2931 9225 8247 4025 964 5736 3015 1156 6323 5749 4759 8556 
13 8965 3776 8246 3374 6980 717 6516 1895 9501 8879 54 6113 7460 
17 7380 1346 1160 2907 7143 6363 6020 34 5166 1358 8525 9745 9660 4691 2277 3229 4929 
15 7346 5250 7065 7904 2694 7130 2433 8483 6688 6936 7992 4976 3023 764 5825 
17 507 6399 2706 272 8064 2244 8359 7285 7420 3598 45 5831 7705 8385 7051 5889 4120 
17 6340 4405 4274 9833 7490 5268 293 8281 3300 1049 2763 5946 191 4210 7518 6782 9977 
17 9289 2825 2857 5221 9659 1041 2478 6530 4850 3419 850 6899 1092 4570 6606 5485 7459 
17 9735 4913 3829 1568 8624 916 1342 4626 3917 538 4367 6224 1085 5130 669 8623 4042 
17 1685 7579 3227 1721 4857 8745 6674 8081 4748 2995 7491 4972 3911 9294 5536 690 8870 
15 1973 5815 9421 880 456 8437 21 6284 8032 2911 291 3273 5661 6191 8700 
15 7662 5593 3173 7296 1818 7250 7265 1775 8011 7706 2877 317 9010 6840 393 
16 3116 2654 4415 5062 4128 774 257 1816 9973 3548 6435 8849 9484 8701 9960 1722 
16 7196 6762 7498 5176 5340 7101 3919 9653 4169 143 5185 9493 8580 9336 3591 976 
17 2470 9392 105 2173 4561 2765 4358 5106 1026 8526 6972 6046 8893 9307 9004 4968 1939 
16 6293 9897 9741 1561 6452 1034 9092 339 7978 3771 5053 2936 651 8468 455 2326 
16 378 6244 5260 3952 1715 6165 1371 996 5383 5840 6792 804 5581 4401 9220 805 
17 5662 7816 967 6596 4768 1914 836 4004 1457 198 1915 6355 3343 3304 2289 9721 3637 
13 5332 2330 9026 1551 3704 3323 2894 3503 1219 9147 5505 6676 8753 
16 4629 6480 952 9238 6056 8431 7802 3395 5430 1919 4668 3322 6445 1479 6819 3528 
13 1002 6416 582 816 4173 4468 8065 6427 7736 6032 6249 3719 1060 
14 2717 524 3210 6868 8821 1707 558 2849 2726 312 4364 5977 1858 6087 
16 3325 3778 6582 6769 4433 938 2413 8016 8199 3363 6687 8380 5834 207 5063 3120 
13 499 412 6146 928 7842 3256 6282 5676 4672 4577 8508 1645 1569 
10 9121 5384 9236 2050 6830 1802 9580 3853 926 5370 
9 3321 5475 80 2204 8971 5345 6035 7742 9829 
16 211 5426 189 9826 9542 9395 4395 441 3794 2792 5634 2703 1074 3180 9700 9304 
13 7779 5417 1051 2284 7142 1119 9708 6229 4548 1064 9211 2609 7252 
16 4493 494 5764 6946 1199 5373 4614 6054 1094 4148 8162 6761 1969 7577 1359 5293 
13 4467 2370 561 8284 8335 8325 6611 7523 2202 6482 148 3959 9677 
15 3433 553 3624 7267 7630 5520 7960 7121 1806 8418 2629 3280 4054 828 8641 
14 1206 7924 8798 4840 1604 4340 7747 3125 2795 8825 7165 7069 8837 1558 
15 1046 6274 8506 6680 5608 3973 9697 5532 470 5338 6108 8391 5198 763 8740 
9 3647 6324 9081 4722 7478 911 8082 7436 3347 
14 6076 4854 230 3570 6104 9739 8720 288 2811 3868 4898 4752 3679 3975 
15 8173 2954 6677 8780 6602 7189 7622 5761 4238 2716 9599 9552 7878 1350 7524 
15 7438 9737 2122 9478 5094 5801 2451 7917 5320 9445 1435 6005 8891 6241 1813 
12 873 6184 6678 1322 5980 9398 5 351 7031 762 7476 8947 
12 3291 1819 991 4442 815 6720 1766 6335 750 1744 1347 5272 
12 5562 7610 26 243 7659 2428 9755 6935 5010 2592 4157 1923 
15 6825 9232 7078 3496 9270 2461 4235 1533 2889 1056 9223 4563 2100 1213 5020 
11 3608 9072 6813 7094 1737 9756 1991 2310 5850 5900 8633 
12 1778 3292 2431 9899 1925 5820 8355 1759 1654 488 3791 2225 
12 3362 7483 3277 9894 2844 2966 165 2091 4333 579 1931 2627 
9 2176 8231 2405 652 5683 6214 1462 8808 4538 
12 7347 5976 4608 2749 2380 1241 3634 8657 2815 1623 6603 7235 
15 9138 8667 4832 698 3748 2063 6431 3006 647 3844 4967 7623 6576 1225 3985 
14 3169 5382 2315 8481 744 5484 8010 2524 3001 3728 2003 3571 5637 7375 
12 368 9152 1042 3136 1538 6371 9615 9664 8441 1456 2964 3619 
8 7716 6306 4381 2379 5322 2637 2819 4799 
14 6647 81 4072 5470 6042 4876 4730 2071 7157 1795 4808 7228 535 1020 
11 4717 8344 6102 9083 6309 5509 5664 9567 3441 6212 706 
13 5344 5847 8534 946 7588 5136 8805 9588 323 4252 3046 4977 9770 
13 9579 3731 3432 3216 4204 4082 4144 5066 4380 1663 5949 6405 4432 
11 7355 5008 7259 3682 904 9989 1280 78 5248 6481 1204 
11 4048 9784 6116 8153 6511 7071 4000 3889 3390 8201 5961 
14 7535 5124 1431 4496 4212 4258 7408 5763 7452 73 4162 7295 7496 7115 
14 7342 7778 1831 2933 2142 5738 2462 3081 33 7885 7233 188 7393 1559 
8 3358 7940 5412 362 9883 756 4510 4716 
13 6222 7176 7316 1781 7521 8233 2018 8678 1703 4998 4261 6112 3478 
13 4450 7037 3278 3534 9821 7741 1525 3209 5898 548 7563 2902 9831 
14 4709 6850 5994 7627 2923 7352 4762 8822 5624 8389 9787 5653 4779 4846 
14 767 2556 8620 285 9547 9175 8006 9047 2155 4516 8986 2070 9764 1646 
13 2981 2893 3377 6873 8471 723 604 7902 7023 1772 6099 5819 5758 
13 4065 5394 5211 2645 4824 9533 5229 8056 7520 259 2822 4812 2597 
13 1676 8038 9322 6462 8549 6169 2483 7497 5762 2096 2858 1894 5461 
7 2418 7671 3296 1536 9765 9827 6350 
11 1208 1416 223 4932 5164 7242 9338 3703 3718 7989 3611 
13 9381 5782 3439 7368 7672 5908 5181 8885 2342 5895 9608 685 8374 
13 7534 5465 8239 6622 2715 8672 2668 985 7720 5431 3702 2491 247 
11 3193 6325 9682 1423 3852 1878 5489 4678 4599 2516 7700 
13 5169 7971 6297 216 1918 9295 9456 631 2251 7813 6349 8666 5501 
6 7468 8394 2136 1333 2608 6994 
13 2171 2693 2599 8343 686 5827 1780 7788 3179 7744 6291 1579 3492 
13 156 5910 9513 2561 592 2546 8936 5518 1954 1144 4900 1615 1935 
13 6597 9836 7763 5730 2125 8304 3472 1229 7050 6627 770 1341 2664 
13 3530 1947 2021 5184 9862 776 3519 4175 8836 6817 8704 8538 5174 
12 8546 6907 7090 1428 2004 1554 9672 5223 8107 2454 4751 3259 
6 7227 788 6311 6725 1699 8019 
12 5557 5064 4012 624 8115 5080 9245 4431 822 4735 3688 8726 
12 7239 8244 9376 5072 3360 539 4436 8619 9861 948 3134 4140 
12 1422 3315 6197 4569 6543 6225 8828 324 8561 8249 298 1659 
12 908 4802 9644 7125 1409 3060 3219 1899 8411 18 2196 8862 
12 4744 8023 5380 6495 7363 3788 6564 4931 5178 2499 4275 2032 
12 643 7150 9160 4121 2913 4835 2416 9856 4934 1077 6616 962 
12 3669 1944 9687 8935 9748 2876 6075 4572 9058 3741 3014 2530 
12 6484 867 2670 8237 5556 1432 4925 6397 4015 5597 3690 2049 
11 4636 4939 9397 4584 1289 2162 8565 2283 4753 1983 1633 
12 7068 76 819 9112 1889 8170 4152 4412 6217 5842 3408 4622 
8 7575 8819 4051 4952 8923 446 5232 7182 
9 3381 7962 43 9788 7053 7850 5346 8156 702 
12 7988 4249 2630 9474 5502 7195 8900 8845 1542 9714 9146 8230 
12 5437 7275 2729 2768 7510 7056 7634 2487 6015 898 9726 438 
8 6879 3330 9966 581 6256 9760 2806 8888 
8 9349 5391 8357 3900 1216 6520 7836 7784 
11 97 2760 8767 6974 6581 3805 6259 1007 7859 784 4281 
7 5991 9471 2302 1285 8251 4069 5294 
7 1192 3536 7450 4174 4820 8948 6470 
7 6377 179 5330 5669 8061 6917 2376 
11 39 799 7014 3159 8473 9933 8906 8702 1882 2269 3749 
7 364 7153 9621 129 4991 3337 2773 
11 5809 2343 9810 4135 7504 8881 7703 8202 9184 8215 2134 
5 7325 2759 5570 5138 5652 
11 4819 2977 8334 9943 9880 9903 5877 8095 360 1087 7173 
10 7679 350 5635 5350 6560 1035 7059 6614 4811 1808 
10 8996 8815 8857 9929 7782 1666 5828 9642 2698 8113 
7 7804 4603 7511 1940 2998 2298 9878 
8 3614 589 600 367 1400 5580 1849 8278 
11 7113 6699 4043 8031 9865 609 7688 6226 6717 7789 1367 
5 8227 1582 7753 2337 6 
10 379 4772 5864 5326 6692 3810 8934 3633 8622 5776 
8 9252 8077 9453 4573 9076 1847 2922 8414 
9 454 2191 3689 7280 620 5561 1936 2300 3643 
10 388 7501 4992 2684 8048 5365 6287 4172 6995 1705 
10 8809 3722 194 594 7599 8946 6124 3957 329 6477 
8 4520 870 4385 4122 5325 5737 3020 8319 
10 1459 137 5658 684 3091 7200 8913 1481 432 1385 
10 8245 5679 183 1854 9924 940 9648 8949 5348 5859 
8 9251 6904 2124 588 1303 1354 6322 4286 
8 233 7635 9403 4373 14 9585 7771 7733 
10 9817 852 8661 5000 7815 7854 6501 1426 5812 8331 
10 584 5134 4470 9548 2549 4438 427 4231 8080 3848 
10 636 320 5734 155 2263 7775 7844 301 879 8430 
9 5914 6548 4950 687 2092 3056 7997 6348 7467 
9 6333 5794 4698 3027 5152 3320 440 8999 8762 
7 1529 9732 6320 9663 4492 6514 722 
10 8028 8099 3135 2285 9839 6114 3733 9253 6365 1088 
8 2751 9754 5950 7930 8356 6509 7146 9380 
9 249 8830 1513 1033 5171 262 9257 4823 831 
9 1016 5317 6387 813 5705 9540 4530 6384 2509 
4 7948 712 8581 6795 
5 4011 3246 2851 3265 6465 
9 550 680 6298 6540 3926 8759 2615 8070 2677 
9 6562 2882 3828 7699 4936 1763 9986 4191 2840 
4 8967 9997 5811 3887 
8 8373 9541 1286 5639 7367 5197 31 605 
9 3694 5140 2237 6755 6894 7658 4763 1586 9117 
6 7464 5103 1682 264 5404 7713 
6 9925 3635 3552 258 6158 8490 
4 5983 1411 3890 8606 
9 3986 7757 3163 3438 6801 1021 9301 2502 1009 
8 1709 9658 9153 5168 3515 4580 1180 8276 
8 4068 1736 7556 3061 7767 9509 3504 4320 
8 6910 7650 4810 7330 8568 576 5604 2172 
6 7444 1610 3178 3676 1478 1652 
9 1433 3699 4345 8297 6072 3964 9600 7899 3737 
8 7680 8009 3650 5851 3166 2747 7519 7601 
7 3507 8793 6382 6887 1893 251 5883 
5 5371 3809 798 9609 5376 
5 5480 8240 6914 1642 7986 
8 8895 3145 9848 5997 4774 995 4476 6889 
5 8192 1108 3516 4181 3903 
7 408 7707 9055 613 6988 0 5821 
6 6744 9021 4419 7218 9601 464 
6 1143 2678 3297 2474 4337 2411 
7 4559 1842 3508 71 2481 4844 6152 
7 7609 2805 6855 4727 7127 6845 3324 
5 2212 3389 7947 4005 8718 
3 2736 6521 7410 
3 9459 9921 3620 
7 9229 1132 2214 2619 4465 4500 9451 
5 9483 1670 3312 1356 4127 
5 3751 2777 4100 2582 6499 
5 7684 884 8340 5141 1751 
5 1146 25 2308 9840 6170 
7 6319 742 9102 2510 9258 2593 2983 
4 7284 8975 8341 5147 
3 2718 8139 6518 
4 3729 1706 8929 2007 
4 4411 9750 1131 3111 
