99 6428 719 1579 5500 9194 4349 4246 2795 8125 8399 1924 544 479 1275 7230 6275 1776 6444 2768 6242 8421 8992 1076 9242 2840 3917 6990 5596 3513 5296 5084 5510 3532 1020 7876 1668 3546 4153 6648 1880 4002 1405 7404 9311 3981 1847 9261 5820 4551 8135 2741 2283 4207 5643 7081 7932 461 9405 4654 8491 6759 5655 7357 9518 7041 5697 7507 3965 1008 2222 9062 1843 8163 7169 543 9789 316 5234 9637 2360 9953 4584 344 4936 7192 5870 5548 9765 8225 8978 6626 1484 6969 8879 4712 3006 8392 8799 7264 
98 45 2584 9601 558 3075 3209 1191 1062 6245 1186 2557 665 8120 3064 8282 3410 7232 8162 2144 9719 397 5224 1674 7412 3079 9571 9936 9172 3745 3100 4938 4831 2919 3254 4396 7709 3835 4201 4293 4720 8813 527 6948 6646 6182 1188 6399 4918 6873 9552 2970 700 1783 6432 8242 2224 4525 9295 2663 2910 1910 2022 7582 1230 7825 9105 7971 7497 7920 4445 3358 7389 2655 7658 2987 3910 5091 8112 5946 7453 2721 262 717 9517 749 4412 9064 2881 368 5712 5591 9100 3540 1665 2565 7540 6051 647 
96 9475 4182 8561 2830 1824 3025 6001 5532 5195 6890 5965 3903 2042 5483 4046 6102 8936 2147 8663 6753 4887 9537 4307 1865 5506 4251 9495 8848 9781 2937 1679 4785 4334 4140 2100 8943 7108 636 2389 2852 8722 6601 6176 8925 3377 7948 5716 6338 2185 6134 3978 5730 5790 4232 9387 6396 2309 5989 4070 842 4202 8016 7283 8800 2490 46 3789 6372 7599 6831 1388 9682 3626 3023 8852 2978 2302 1479 3098 2261 1626 5261 2819 9705 4682 3906 2268 4552 8236 953 7903 825 4037 9969 5211 3399 
95 156 7138 9180 6197 8453 482 5388 811 8927 8850 5898 2933 4535 7744 2145 1597 5598 2555 8714 9708 62 3667 8569 3854 6309 7960 3647 9084 356 2689 6795 1792 5687 6185 4833 8153 84 9704 7785 2148 2408 2080 5691 3321 9279 4578 5135 5947 5727 9355 5956 6530 1469 7155 7437 4103 4010 7848 3754 9162 4451 9901 5061 4464 3792 7226 2932 4709 2347 1381 1155 137 2669 1372 2905 10 7666 6 3112 4320 9713 6916 9900 6203 4619 677 852 3138 5970 6947 5551 9873 1397 7502 2107 
101 1566 1574 4661 8267 5383 286 8406 9417 2332 3772 7496 2524 40 2472 5534 7985 1600 6313 919 8072 1441 740 5348 6007 7201 3335 5157 3203 3520 1657 6793 4880 3802 3675 1083 2183 4888 5238 7091 3986 1564 2426 545 9092 1618 1371 5890 5200 428 3390 4045 2903 4813 2800 8341 5786 1416 6968 8200 9409 9659 3891 5393 2246 2164 9758 5458 3566 165 6803 7211 1722 433 728 2159 1514 2579 6694 6926 699 5575 3841 6293 3369 3588 4459 4688 4973 1115 2329 5729 287 8784 3957 7066 7178 7996 7907 4977 1363 7010 
93 4467 6507 654 1753 9360 8364 4878 5245 5555 4808 1140 2482 2599 2304 2614 3331 5520 6278 4587 8046 208 7149 1689 7598 2337 794 9324 1549 7390 5012 7670 2509 83 5329 9728 1163 4689 2685 9618 109 3011 9414 9118 5015 922 5075 6156 5752 1894 361 8295 7499 8497 8720 6288 2690 7635 8563 3255 549 4770 853 9271 7 5743 7913 1362 3087 5710 8287 6986 5341 6541 695 732 3948 5812 7281 6920 8409 5285 467 7843 1255 2059 3062 6955 9918 5240 5320 6441 6614 7414 
95 2995 3766 3145 8724 1599 9157 7216 9868 8434 2069 1779 3919 2252 1505 462 4697 6520 2912 2221 5522 2057 1131 9356 5637 1898 8741 2728 4117 9808 8638 1532 7304 6412 3262 8677 1493 3553 4344 8899 1933 5913 1144 4930 430 2984 2761 2759 337 1392 2300 5737 6111 2821 9560 2419 4244 3359 302 325 2227 9156 3473 5060 7208 2460 3372 9432 6333 4206 6458 959 3206 7140 5025 9972 5558 7619 8690 948 9082 2533 3938 7788 3993 5586 4872 8959 8928 4512 7362 2561 8479 7886 5638 1154 
92 2717 8946 4077 3265 1030 9589 3503 8678 7871 8017 502 874 2940 6756 2479 1758 2201 785 4817 8462 6727 43 3625 2950 2613 9990 7483 1326 3086 9883 2552 6364 5603 9173 1215 6773 3721 4835 2877 1280 5848 7321 1879 6996 3942 6418 4669 3344 7779 6521 7159 2341 4522 7218 4118 3824 5123 9706 5463 5139 2449 2688 827 7254 4536 3200 6840 9061 4409 7512 5286 8576 7602 9020 2559 2398 5173 5391 7518 9710 5809 1428 7214 2902 3218 5513 1268 3870 4789 8009 6588 2423 
103 7849 9168 7324 4671 4303 839 7448 3656 6765 9732 7253 460 6973 9123 5226 2633 8693 9629 5360 682 8756 8093 6167 7441 435 5223 3192 2477 9425 9531 6630 4559 7135 7610 8499 6820 1899 7939 644 5106 5395 8604 9739 954 6878 5664 5427 863 539 7276 4776 169 8031 5662 9011 4693 5239 1225 8847 5331 3327 1741 5841 8107 370 8331 2208 9237 672 6004 2543 7444 6047 9313 7827 4484 298 8388 1500 9198 4319 5571 2491 8520 7119 2976 8241 486 1762 8981 7930 378 3148 5543 3024 1184 6189 824 6830 1212 1778 6301 969 
91 6430 4768 3236 8644 9445 3782 5503 9584 8143 4318 1822 1398 5940 7790 3275 908 7022 8375 6221 9477 5424 6286 4734 3984 8000 3185 4889 6296 6344 8309 3166 2055 715 3494 822 3490 1585 8448 7237 3705 7025 9010 2165 3003 5230 6483 2032 9729 4072 5546 7378 2714 3927 5187 6758 6315 5389 5498 2700 1955 2259 3252 5194 5338 7874 1332 3933 3230 2356 1687 520 6517 614 7490 4907 2964 9667 1518 6828 7386 2308 3173 9748 5698 1211 6149 6142 9163 1793 7887 4361 
93 2870 577 2993 1187 2191 3076 8504 8366 687 3471 4481 6416 5997 2736 3582 780 4834 5251 7980 1787 8293 9494 7464 5228 4116 117 6874 1802 9327 8211 8493 9254 7450 2629 5647 868 6191 4028 7282 5289 5834 8337 5024 2577 1952 2743 4602 1458 475 270 6048 3400 7836 4610 6963 2975 6110 5980 9676 2272 1426 1850 776 3935 579 8173 6370 4729 1110 7224 2284 6702 8243 4993 5342 6534 6366 6356 2709 1316 8164 127 617 9003 5774 3008 6842 3918 6598 212 6730 7917 3227 
103 5254 3590 8039 4922 8590 8386 8870 498 108 6928 7864 8547 817 6910 229 5713 8250 1283 4553 4948 9961 2770 6036 6057 5396 8292 9186 5401 7693 2274 1120 7097 4652 6800 1092 1708 1548 1002 9664 6310 6213 6993 6024 6137 9501 782 729 1249 3271 693 2237 6462 6282 9617 7758 9047 4623 8226 5056 7591 3046 3088 6120 7961 6775 72 1748 8 9125 154 8570 2880 8405 5663 5145 142 8635 5319 2566 9950 6103 6335 6248 9065 2990 2248 8197 7746 2094 9947 3457 2904 5667 6161 9573 7004 1522 4767 1235 5044 5033 6413 6787 
99 6975 8315 5673 3104 7175 4989 4390 1040 910 8297 26 6155 1835 2570 1745 3954 404 7519 5448 2401 6125 5210 7637 5682 7910 1770 2744 1302 9848 7317 8036 1064 6236 9006 597 7784 7062 9056 6989 6318 3194 7267 4952 2076 8721 2900 5063 345 3464 6060 2413 1452 838 7692 4365 7069 7888 6384 5484 297 2327 1156 17 8171 100 4595 2974 5047 8524 9578 8091 118 7092 542 4462 7895 7967 2340 7440 4593 6339 1834 7616 8637 7730 8068 5685 321 6883 5845 1697 1106 6390 8683 3555 3876 4915 2084 4329 
94 6198 8220 8099 2636 6330 9764 1846 6425 6879 8740 5908 8781 8566 2469 4442 2239 4716 5868 6481 4304 5478 5857 9223 8737 975 1299 1411 8389 8441 7142 8398 2001 6567 3487 8689 1749 2763 4728 8008 1630 5442 8801 907 9833 6780 1701 3010 3269 5330 7114 1719 5114 4230 1819 8190 5026 8534 4470 5422 744 5038 4787 326 2662 3690 7956 4668 9341 155 5364 1455 3739 8411 9691 3712 8647 4468 3426 857 9978 2812 8515 7094 730 4820 7804 9438 9152 2786 655 8631 9556 7021 5255 
100 4891 2851 7914 4760 4801 3827 275 6785 551 3579 2693 5153 3951 5566 9836 9033 2747 1715 7249 9549 9165 7572 2375 5125 3326 7296 1735 6919 5748 2233 4562 3678 3388 7374 4241 7473 2522 3484 4019 1444 1915 6585 4428 4092 1796 8775 7242 2657 8883 3894 5006 5804 9673 4845 1383 2593 4496 7500 3113 3085 4085 2333 248 8271 8199 6734 9429 4301 4863 5893 9926 7085 7736 8359 9610 4651 5316 5709 3995 4505 3706 3141 9524 651 2478 1509 7810 1881 9828 3120 5280 1638 3202 6240 4965 7165 6121 2678 5987 592 
94 8103 8078 993 5703 3452 5041 7115 8027 2 4217 7020 8540 2141 2752 9752 3266 2126 1969 791 7327 319 1245 2531 9753 2158 1882 9457 7869 6523 3648 7664 1680 3791 7767 4223 3515 7377 4136 9057 564 7990 3241 9458 3812 5761 8864 628 1135 1726 6624 3437 6453 9483 4027 5040 9021 4043 9653 7189 5131 9929 1291 1823 6314 742 9269 2787 129 7391 1107 9605 4912 4403 50 2865 1974 7354 4222 3946 4271 5110 3717 638 497 6673 9071 9731 1991 3901 3472 2267 277 2217 9212 
97 9191 4523 934 5798 8607 4494 6980 1247 4122 915 2005 2263 6117 540 7279 9190 7603 5896 4053 1276 5610 971 4313 6299 1804 6866 6409 1127 8541 7045 9442 5879 9260 5749 4857 161 521 7355 6454 2355 5830 3798 1262 3893 8963 4161 1968 4226 1353 5540 9668 758 6851 1391 9734 2110 3004 6712 5385 3056 8495 9345 6964 4853 5920 9199 9000 4508 9843 5656 9132 9479 293 9652 7252 1669 7220 1108 5521 3800 105 4984 5549 9698 8895 4600 3226 9383 6094 8298 119 5915 6810 9643 1177 6405 3116 
101 6599 3353 1572 6638 9440 5557 3856 4259 7695 2418 5537 2399 3322 3306 9073 9382 2051 6995 3680 4739 2024 7952 3722 343 5683 5188 1593 4137 80 4452 3465 383 4193 5434 3784 1971 6711 5366 7472 1104 5592 7345 301 9051 1920 7340 7072 6143 3807 9824 8149 6591 3747 9609 8597 5268 3067 3073 4240 6302 9103 6649 241 2128 6417 3222 705 5708 5853 6691 6132 6219 5745 6118 797 3980 3070 5019 8632 5039 5599 4681 3998 6324 6833 9788 1937 6153 9613 990 4954 2516 4257 578 4866 6663 6135 124 5823 6422 4659 
95 3636 8995 8407 377 8183 4433 7569 1704 9470 1066 9891 9130 4560 1390 979 6822 6766 7607 8865 3804 5435 7110 2242 2774 7541 901 3770 4521 8993 3865 3212 6015 2558 7815 7284 4519 1182 2887 6456 5661 1695 6581 4295 9278 4583 143 7290 3944 3441 9024 6147 4414 6226 6930 3512 8139 5567 3376 2181 2113 3885 5554 9017 6967 2112 967 8822 5625 7749 4932 8101 6342 6316 9364 5225 2796 1714 5864 8018 7106 1634 3311 8682 3758 5489 2829 5481 3106 9015 5204 6088 9941 9932 3595 9478 
88 6440 9392 3875 9488 2146 5147 6668 5467 8657 5492 9202 417 2916 6032 3844 8234 7482 4677 4104 1677 3091 7538 3997 4621 4809 3904 6854 2289 5861 4432 110 7955 4647 569 4564 2913 9497 5689 5259 7001 9844 2500 1873 8675 3175 6670 2372 5971 8129 14 4838 4740 5001 756 9487 1338 307 1806 2598 1101 2458 8704 8664 5607 6855 3221 1570 6281 3447 2883 6040 8823 218 8533 517 6506 9030 8916 6029 3931 8585 8290 2349 3580 7153 2623 6202 5885 
93 5482 4141 601 8579 7297 1271 3765 5528 446 3333 1860 3659 4717 1278 3811 6563 9974 2137 7679 167 9955 3205 9272 2908 8022 8911 5739 4348 2542 4900 576 5028 1218 4124 1526 4732 7531 1389 223 6367 237 9365 6829 3199 2973 5833 2617 4633 8871 6904 4280 1713 3605 2387 2130 4051 904 8757 9671 2270 1702 8054 6140 3600 8473 8600 6070 8071 6116 4427 8344 7687 2553 6139 2884 4850 7717 7551 6713 2422 6784 8660 7090 8776 9904 8918 2371 9650 6264 5007 8096 9914 470 
97 3187 1141 9543 4107 8121 7720 4060 5984 8073 2777 1037 6970 6493 1442 3150 1890 9484 8701 2166 9678 589 5901 1547 8201 5433 4566 7880 3299 4953 9491 980 5369 3215 2989 9818 7875 5350 3035 3191 5480 8347 5249 7560 3124 331 3849 8390 1467 7043 5093 1494 8254 9547 6540 5565 1606 514 5741 4054 3884 5272 3276 3007 7624 2665 3485 7067 8048 6700 1077 1814 4024 2934 9859 9623 7101 4979 6478 3219 3687 9865 6201 566 2537 2514 7223 9916 1540 2670 7424 5877 126 8964 5644 3952 722 9895 
88 4611 7883 7229 7006 3482 4754 1531 6754 9304 5461 6407 1250 4629 5945 7721 555 5619 33 4350 3281 5177 3243 22 689 987 6872 1431 8224 4431 6574 1168 7400 6460 4823 1919 8956 2859 8248 8345 6735 3974 1661 6772 8621 1413 6611 7564 9507 1511 6204 56 7994 5631 4812 500 268 8303 3466 3788 8662 1561 1476 5321 1605 4029 242 9468 3002 8772 1811 7972 8672 5386 621 2749 9045 1601 2487 6442 7926 8774 8583 4708 5851 1690 6843 496 6246 
92 820 5777 1833 2607 9498 4632 8026 6623 1862 5553 968 8906 3 2343 3380 4175 3238 7381 970 590 2782 1238 3619 2334 1932 2674 3427 5911 848 8238 8603 6860 7268 4898 4178 3506 1166 6582 8892 3174 4147 8661 3415 6701 1761 6044 2666 8762 7075 3211 1439 4934 2108 6518 211 2070 7143 7879 7732 8138 8208 5087 2861 9234 6641 1513 3223 3307 1982 3613 9108 4336 7287 1374 6499 3450 4061 8749 5882 6308 1629 8596 7319 371 4556 4526 7399 2956 6017 7134 9784 9604 
91 8598 1048 9858 2847 6062 553 4951 9747 191 5462 598 2396 4926 3696 7147 2339 3186 4627 6411 6703 5079 3151 174 888 5406 266 8476 4520 8894 4941 9087 3606 7525 3982 1436 8989 5451 7549 8185 3065 2967 9800 557 5767 3108 984 9430 9681 4112 2951 7546 101 3204 8133 6494 3594 4868 5043 7832 483 2650 8795 4711 6568 3793 2486 269 4971 4000 1586 3947 2612 735 2732 88 2046 1594 1800 5813 8516 3796 5526 2008 8105 7631 5216 8268 7533 98 9741 2507 
98 8450 7576 5030 9740 9288 6347 7793 8971 6640 8481 8503 3149 5751 5128 1499 6748 4455 2353 2664 4933 4628 2677 7086 1996 513 3528 9183 9533 4454 4044 4325 5235 8483 6329 51 2230 6069 1226 1228 6651 9821 6814 8145 7007 1097 2790 8639 4180 3585 6892 9902 3801 7859 5718 7044 2324 2872 9598 1840 3499 4492 1376 9624 1780 5357 7040 759 2596 6957 7325 5676 4220 4102 7034 5995 5437 963 3154 8556 5232 4664 4367 1279 7411 7542 516 3197 1071 5844 4674 9971 9161 9403 8167 5836 1099 7534 7207 
95 6261 3709 9742 5160 9246 5097 5241 9257 416 6778 4458 7449 8841 3373 5456 3455 4573 4408 2101 3346 704 4486 7800 1784 8920 9880 8076 8518 2281 2318 1610 7745 6824 4997 6188 8330 9839 7275 1395 2255 6434 3454 334 7429 6025 4985 2354 8038 7588 9381 7233 7831 7265 4332 66 5827 8599 2445 1495 3231 9998 1710 8827 5799 976 9294 3394 4663 9519 2461 2764 757 4620 6636 4624 8965 7520 7342 4927 8810 6490 5937 6012 5471 8484 1615 3101 8640 6235 9544 2952 2587 1868 819 7364 
95 3016 526 8090 4469 3288 1125 698 3361 3972 2813 9227 8919 7982 2971 2037 5207 9621 8074 5829 6681 1575 2801 8368 6622 91 7872 4089 2435 2470 9851 8627 6160 6515 2654 525 2799 8131 5509 1647 7672 1908 1069 778 8821 403 8538 1962 4749 8334 9185 6544 2683 7586 8124 8578 7763 5622 775 9066 2485 5242 9776 6689 1845 3718 6394 348 495 6894 1356 4154 9638 3864 3823 712 8789 3374 9661 8084 8032 9633 6327 5633 7677 1967 2544 937 5928 4516 1503 362 9192 1651 5193 6091 
91 2822 7782 5062 7901 2091 90 1425 4701 9591 5903 1751 7042 3324 5115 2305 7481 6382 7976 5574 309 5726 6016 7668 1373 8746 1542 8791 9898 5315 2525 5278 8974 9317 257 991 8889 1754 359 5768 5852 2842 799 1744 1352 7739 9796 9595 4146 1927 1977 222 7889 8158 5252 1073 4389 1190 8379 6682 9005 9171 9026 7057 3509 6391 146 1232 1481 9945 9101 9977 4039 754 5819 5582 7121 1474 1765 3710 2523 9422 6762 3985 8317 4422 3956 7537 2016 7471 7820 1766 
90 5832 445 4049 688 7539 4166 7015 5966 7979 1983 144 1976 5895 676 2323 6211 2279 8594 8176 7239 8609 7988 5587 2266 2247 4874 3018 9658 8289 1980 4262 6609 9281 3402 9979 1292 1960 2066 5974 7388 7809 1721 7258 5132 2615 559 604 982 9570 2753 6106 7834 7999 507 4752 5246 4475 9730 3945 4991 8525 1757 2515 6346 2361 1478 9715 7562 114 3578 9348 3996 5686 5009 4608 4798 5275 3406 4981 3207 6028 9452 1323 3366 1739 2957 9838 8351 2925 6172 
90 5876 8424 1641 5645 8669 6897 6319 2803 3533 2785 1285 4068 747 9042 4957 6150 1608 8445 1462 3610 3318 2018 9407 851 3040 996 9182 7240 4017 1602 431 5100 9634 1290 9917 9593 1799 9677 1747 5428 7589 189 2682 5450 7112 8378 2939 5732 3684 96 1536 1886 7676 6962 7181 1336 8420 8921 244 9239 6064 1940 3999 8656 6937 945 8729 6290 9879 6774 2437 826 8818 2953 4905 2269 4411 9134 41 6988 5678 1891 3279 5178 5470 9481 4539 3143 973 4087 
97 9151 1717 666 1377 159 8447 328 8170 3051 1014 5129 1100 7351 2350 1325 4715 6516 5082 3851 1994 147 4069 630 1322 8620 9107 8506 6562 1767 670 4500 2009 3229 5035 1419 5036 4990 7824 6997 8437 292 2495 9655 7989 3622 3923 9160 3393 6345 4448 1552 3463 2508 3370 3213 2462 5394 263 6850 5755 7353 9426 5236 4609 7578 8643 9085 6777 6270 7051 6349 1157 136 2002 8748 9722 9306 5649 2079 7486 113 4108 5560 4360 9962 2866 192 2942 4895 4518 1079 788 6157 3059 511 75 8618 
93 8141 586 5919 7662 8698 9688 476 1437 3258 4507 7638 7636 6363 6030 1175 2253 5258 9263 215 2873 1740 5058 9121 5670 4358 8463 8249 841 7046 2538 2457 8944 594 2725 4945 6707 1402 1742 2720 8231 1176 8278 909 2944 5808 2893 6433 8223 4488 2193 2475 5731 5642 5880 803 5154 4648 2174 1366 2271 2045 7963 3445 3915 4285 1357 8467 8998 8408 7902 2374 1318 5624 8940 3438 6141 2393 7711 5985 5725 5805 4811 4695 4237 7729 8037 282 9847 7555 3048 5065 4964 6627 
94 9106 6229 5552 2711 8948 5756 9942 4765 6151 2604 3385 9933 4279 9984 4 6374 7116 3164 4718 3755 4495 8634 8012 6427 2637 8365 3858 8646 6971 3711 8262 3176 9274 6385 4292 6357 7209 5175 2062 4383 2382 1244 5579 3629 5367 1642 1046 664 4368 3096 8882 8942 2278 1571 3418 4106 3552 985 3125 1623 2319 8259 1624 9846 8869 260 2641 6913 5143 765 4968 7204 4324 9849 8739 828 2282 8192 37 3045 9582 547 5950 575 2357 8501 3074 1672 6332 3868 2634 2630 1911 1199 
98 681 9159 2417 1752 3235 7984 2442 7011 3519 3698 130 9884 2767 8530 3623 4784 375 9777 8651 8281 5022 4703 4282 1998 9795 484 36 4190 4457 8904 5568 5474 4040 7257 6893 8284 5169 8144 2184 7056 7701 7792 6253 4160 178 8109 512 3888 8362 7053 3616 6786 2219 6146 6617 4946 6725 3408 7628 1246 6527 9749 7070 1649 3475 8397 7821 151 1703 7862 9399 3676 5792 5217 9063 2336 6799 1997 6887 7595 3459 1209 2498 196 3959 4384 3668 3840 6404 8062 7697 6561 6942 3570 9154 1635 4347 8194 
93 9738 1826 1965 1466 724 750 4805 9850 9104 7173 3302 6655 667 4824 7323 8053 5005 5860 2394 6027 4323 9238 7777 8673 9939 243 5168 6331 5900 8912 1089 620 5055 8652 532 3286 4101 7076 5000 2923 8536 1303 8752 6187 3759 9 3646 1358 210 5104 6365 1496 7909 9264 3650 8401 6807 1848 1 7808 5692 1652 7350 1563 19 7098 3000 8612 2628 1200 7302 7451 8474 8252 459 3838 7583 455 3614 8845 415 6305 390 7002 8743 6320 2594 4585 6898 537 5674 5921 1627 
94 2038 5057 7313 474 9248 6687 330 2855 3383 9251 3867 3950 8872 1558 7769 443 4082 7974 9825 393 8798 9315 5850 6817 2797 7592 4444 3130 2511 2320 3105 3228 4818 1825 5124 741 5405 5137 8855 5198 6174 2645 9008 5972 2540 6321 2060 7172 5505 999 2364 64 3602 4541 840 6058 3621 5636 2192 7959 4725 4491 944 3843 7565 5684 4563 5735 5824 5190 9433 8706 8811 2376 2063 9069 1378 4571 6745 4615 4228 9353 8218 3653 4590 4461 5257 5779 9431 8753 849 6576 2103 6148 
96 6570 6392 5354 1942 3665 8983 4568 2152 4996 8797 5815 5310 3953 4622 6504 1217 6262 163 2468 6634 3541 8532 1258 8828 1730 9289 4174 8025 7419 5322 3362 6138 7466 2050 9332 8350 8507 3456 6082 1147 8446 3778 4090 6026 1963 4637 9344 5270 1598 449 4125 7206 2945 7365 8321 8866 9509 3371 3822 3638 1006 4806 9028 5722 6243 5933 8430 2317 217 1331 8853 5140 1475 2694 2383 1454 44 8994 7544 2510 9863 7107 2501 8880 103 24 4890 4353 3826 3403 3285 6179 4747 7722 7577 6207 
92 1134 3423 9872 8299 3704 405 4794 1768 6294 8513 1205 7698 8624 2506 3367 3671 4393 4903 4093 2622 6267 7054 9892 2433 8263 3037 6186 5146 9339 5523 3481 6256 9921 5192 9689 5309 3631 6813 3290 6085 6018 9158 7620 603 7623 7702 1636 8780 8990 4434 4129 6376 5447 1117 7829 613 1240 912 5816 5205 6528 148 1335 7170 6514 9834 9574 7954 5172 9013 8449 6917 5155 9301 8836 2177 1538 7647 9112 6059 4517 5559 1486 8416 8024 4793 8744 4540 764 9860 4594 7368 
93 8033 701 9282 4581 436 8568 1468 5771 9635 5740 4091 9797 9930 6234 4607 2930 3716 4181 5318 7488 8257 1521 9989 1151 2536 3558 2027 5176 9994 1081 5403 7291 5781 8089 7706 9952 8755 4100 3834 5611 6728 9068 8020 4218 4925 4288 5220 533 2869 4139 9312 9098 7898 5958 9674 6050 2492 6526 6863 6900 1733 5630 7640 6529 1284 6165 8785 9373 8881 4537 7892 6355 7987 5657 7734 5660 6011 7923 9642 205 2345 7789 2789 5374 1027 2620 6639 5284 1990 5690 6632 4901 6575 
95 2234 4466 2652 9561 1038 6214 2874 34 7120 6092 4917 8699 3702 1123 3283 3733 1588 8954 610 8970 6859 5138 7866 3439 8581 926 9954 8700 5293 619 5142 5384 5059 5311 2943 2651 9127 9029 8967 8824 322 7459 3136 5782 1418 376 1170 9923 2369 6742 8807 4424 9050 2466 3799 9427 7248 4645 7217 4534 7103 7225 3248 8230 5444 829 5267 6549 3296 9357 7137 5328 4283 3165 4209 8104 372 808 2778 4884 4961 3649 8979 1705 8893 8792 2273 7934 2213 9995 1954 2157 1993 3748 4300 
90 835 4935 8595 6982 4474 1196 7402 9506 5675 9459 6889 7699 7295 6283 1025 9322 171 9773 1133 6779 5351 456 8111 7028 6369 7768 7338 8256 1253 7931 6584 4055 1118 8655 5382 1986 6033 881 7863 3817 6449 3020 5441 2316 5108 6665 8384 1314 3061 8329 5477 6998 3343 9323 3971 505 2087 7975 7064 8198 6736 6589 9396 7780 7446 3093 3966 6194 9206 1153 3521 1328 9813 3752 6431 121 3014 253 2712 1385 7089 1295 2143 8187 4502 869 3188 7460 419 7527 
92 9670 7653 8551 3581 7855 23 612 4797 5889 9743 9131 288 4006 5516 1124 5151 4156 1795 6767 5783 8991 2154 2569 6676 7347 8873 9762 6312 9554 3156 111 7330 7743 833 546 7000 7983 1988 8734 9809 3314 3435 2416 709 8332 7682 3700 947 920 4421 8688 2034 1047 2245 3805 9717 6946 1584 4143 4924 6505 6020 9088 5271 1384 6126 5339 9550 5011 9036 7139 7669 2294 8685 3510 4531 8343 4381 7991 7858 806 4580 4762 3522 5859 6271 4897 6038 6133 5561 7559 2388 
91 1959 4119 6603 5801 7337 1035 4057 7031 8710 2649 8400 1036 5127 5349 9079 291 9268 8615 5705 5 2138 4858 1750 9585 4969 6994 1944 1525 4025 194 1032 6690 1694 3743 2928 8159 9871 9372 1934 5847 3879 2675 6406 3382 7298 6375 2424 8796 7310 4883 9564 4970 4149 9999 3571 6724 5651 9626 2723 4861 1087 9644 5754 9102 8030 8382 3309 3469 9374 5589 7360 2454 6797 2927 3930 7807 2567 2703 8987 4841 3421 3072 6722 7174 1313 8412 946 4635 1185 697 63 
93 1179 3873 3233 2517 2713 4397 5008 5608 9336 4773 7421 1818 1410 9224 3259 9967 837 9258 4314 7158 6049 1300 6341 1004 7878 3587 4134 8349 5887 6162 9949 7597 2955 2243 8391 6171 8214 6672 54 7928 5998 8558 4430 4599 1102 877 6484 2730 2033 895 4855 6100 9666 2125 8373 379 9209 9469 381 5464 2899 1216 7964 6685 3751 104 3189 725 7017 3673 9486 8633 5445 1546 6569 5629 8306 7477 6709 8100 6972 2088 5734 7246 1801 3474 4940 6974 4097 7908 7049 6835 7649 
87 327 3387 7995 1573 5944 1691 9200 7689 7752 1772 9966 3762 9076 2841 9907 6322 6292 7286 1138 3949 3114 7891 7751 6738 141 4630 3912 468 1317 4272 7484 4665 7925 5584 1889 1867 7873 4284 8455 4379 5332 5854 7509 58 1145 2342 7238 1664 5775 7200 9119 8087 5199 2425 1645 8804 6678 4133 5034 3012 4333 3617 6259 3413 8508 3861 296 11 8838 8902 3559 5158 8527 399 1449 20 6704 9579 4274 6184 8986 8270 2099 4254 8265 9558 9307 
90 7678 4052 6891 7382 9718 7222 3128 3460 854 4769 7244 1756 2430 5117 1562 4983 7865 899 3479 956 7915 4478 3480 2194 6473 9436 7038 4527 363 3565 4062 9842 8213 9529 4657 7423 6999 6693 2825 9249 9222 2833 5306 8142 5504 1094 3152 2225 318 8860 5485 7737 4893 5493 7292 440 4261 9867 7168 8161 2827 8825 7627 1755 6834 6536 3053 1953 6848 9569 8169 4270 6076 787 4877 509 8559 2779 5747 2848 2999 340 2291 1150 7885 1551 1367 4690 7260 6090 
96 7674 2182 2698 994 7343 7395 6200 1746 4238 1816 7309 6935 5112 8885 9052 1422 4710 952 8439 8549 3411 8108 3049 7087 4514 7061 1160 0 8423 7163 4640 5090 2176 1693 2646 2909 9771 8260 7802 7771 1460 258 1319 3147 3819 3771 6114 9694 7973 1498 3028 866 3063 6696 5373 6166 938 7795 7514 955 299 324 3790 9928 3539 4879 774 6949 4972 4269 1234 8361 2773 8275 7665 8427 4036 186 6751 3848 2926 8058 3943 79 6867 4026 7741 8228 3404 1473 836 4235 3444 202 7162 519 
88 187 5014 7760 7205 1312 7235 9695 1491 7611 4803 3694 3278 9702 9817 7416 5460 7383 6348 9097 6794 3881 8500 7065 4487 190 8005 902 7680 4110 871 4958 4579 3364 5064 9247 7766 5811 3131 5290 781 2463 7712 6508 2632 2114 305 7167 713 7615 4815 9040 5013 5825 6249 6336 1286 9920 179 1164 2742 3787 9275 9114 6477 8531 7905 1086 932 2109 2896 2197 894 1957 7154 4196 7463 1798 240 8750 3168 7900 637 8771 1345 6952 5473 4978 5666 
95 3039 3440 1769 2378 9594 2766 6597 3119 9820 2890 9568 5545 4650 8733 5855 1554 6073 4227 706 5307 8711 8933 3001 9394 939 8488 1174 4185 7916 1897 219 1676 1082 2835 8917 9368 9575 7334 2647 7958 9072 3121 71 9280 3449 4343 6749 6006 7491 7725 2006 5652 1832 3047 1918 645 7733 8310 595 9709 2026 4742 4604 1043 6193 4330 5929 1945 890 6805 3726 9146 7452 6254 9167 18 7714 1375 1237 1947 3936 2275 2448 7968 9463 951 5736 4586 2493 7841 2809 5410 2406 9982 2980 
90 5835 4974 929 1359 726 2330 4807 8592 702 9522 7894 9219 9612 653 7992 4250 5797 1612 6731 8754 9803 1243 662 2794 9362 8235 2142 1839 1797 7661 615 2068 6705 8808 4168 2122 6954 4892 8659 9179 5118 9434 7288 9455 4199 2671 7587 917 8908 9400 1057 3574 8029 5884 7585 2133 7141 6827 9985 1252 2898 1844 7797 6934 9493 4772 9331 5221 5099 4733 8802 4369 2257 8247 9285 4702 480 5650 6798 5609 9767 7837 8353 9645 6680 8470 8898 711 531 9138 
87 5266 102 7828 3968 1539 5613 5952 5475 4088 8851 5031 3476 9378 9735 5244 1260 1515 8937 6618 3225 7349 9622 4642 3934 1485 8876 9499 974 7415 4679 3742 2547 1158 9412 353 4591 3563 3310 6178 2017 6486 3317 339 5909 568 5346 6837 6644 5076 183 4033 5248 8461 5810 4865 2307 5617 6083 4763 9783 9911 7550 935 3749 5888 160 1529 3022 6579 1443 661 3081 6022 235 8708 6002 9912 6159 3979 4699 7852 7997 2556 5418 7063 2994 1445 
87 9053 4764 5233 2864 8432 1956 6857 6819 8118 2169 4214 8613 3177 4655 6421 4867 5525 9856 2609 5925 3644 1368 3489 9986 4465 1725 2039 789 4736 400 6037 3637 7950 38 9089 8505 2153 3453 6882 6206 7157 1483 1621 580 9060 9707 4312 8095 2256 6653 1828 2564 2411 4191 3432 8082 3329 7285 5750 9946 4159 7563 2035 6031 7266 7182 8157 9496 1506 351 7376 1930 4287 3655 9148 4840 8658 8272 5780 145 8941 3769 6061 7718 8805 6216 9600 
82 2734 1999 602 8372 7047 6770 9166 3899 9756 6168 9592 8833 6815 6912 4252 9329 9721 1344 760 674 7927 7111 2179 2832 5183 4864 8206 1423 5547 7536 4921 3298 8413 4456 9651 5162 4511 6721 673 4862 1662 2464 30 7171 7757 4080 4819 7750 8319 7129 1581 6739 3162 9779 4618 6788 9512 7685 4225 6081 7274 3725 9369 8079 2074 3699 9819 464 1580 859 5795 7100 65 7726 3816 3349 2895 4962 7854 2783 9958 3767 
86 2603 8858 5465 3877 7639 5939 1364 552 4660 6864 2244 9804 3866 432 3442 8471 5436 1961 5052 3746 184 209 2313 9059 3882 7993 5822 3683 7024 734 9376 4489 8215 2891 8907 4316 2780 92 133 2404 8007 4829 4779 7431 264 4373 2326 7558 112 8529 4509 2200 8155 8116 1578 2684 490 7684 5931 5605 3428 2023 3768 9639 1534 5141 4075 6465 8160 2483 4783 7052 1790 4450 1815 8803 641 796 2189 2915 2481 7322 224 2661 9700 8311 
88 2150 1813 395 7179 3505 5941 3701 9940 5669 4896 9559 5826 9627 721 238 6985 2295 2346 4722 4298 3486 3556 6212 4672 5274 530 8274 8783 5502 5976 1248 3398 7614 8617 3797 9654 8189 4658 7949 9287 1929 4074 4748 3220 2704 1142 4351 5577 1488 5191 3814 6884 8843 4321 2660 3378 7447 4357 4016 7634 1992 2277 4198 162 4755 2190 9205 3577 8929 195 5408 9766 1576 7604 1958 7280 5344 6573 2907 9358 8589 6498 1001 8715 6055 4184 4916 7326 
93 2921 9888 4473 1660 7781 2090 5049 8177 4994 6992 1670 7394 9699 8778 8438 1560 1421 8063 627 8765 9241 81 236 3019 173 9395 6747 7748 5878 9798 8588 3069 8593 790 5601 972 1000 8562 2412 5791 7596 5828 3488 5080 7150 777 6457 5962 1905 2220 4761 278 5356 8168 9810 903 6306 2568 9077 583 5003 1502 7428 2988 4653 5078 5602 1180 3397 1078 317 2421 4463 5184 3478 3352 1859 6761 1981 6013 6503 6041 4947 1655 7008 2031 9786 4707 8819 1315 977 7911 2288 
90 9058 9049 4852 9211 862 6154 5149 4757 928 7060 2755 7109 9454 873 3292 6868 6554 7185 2429 1854 8239 6395 4950 6419 8517 4145 550 2061 7765 3774 3144 9690 718 1309 4687 1709 4582 4565 140 4376 3095 1056 7884 2520 6716 9763 8901 2077 9876 4340 5648 8867 6353 6628 5399 4305 524 1480 8419 4686 4899 4606 6019 5961 8229 7818 3133 7933 7501 5873 3224 1718 7868 485 889 2691 1333 6181 8244 3583 8582 6823 7764 2850 8216 4419 6537 9799 2497 6906 
89 7277 6669 8246 1143 7946 6729 2365 6093 5113 276 7922 8464 3612 779 5658 1631 7621 4278 6551 3300 7896 9078 5302 74 3500 9870 5277 7835 5068 5314 1622 7032 6354 2935 2548 8106 3356 2878 2019 7532 4098 1482 8489 3723 8926 7184 958 1887 3287 2231 4310 8034 6387 6476 9266 5986 4826 3245 9944 9965 562 4216 6122 6196 5449 8126 8905 6501 1005 8045 814 9170 181 1543 9679 5231 4735 9687 5948 5317 2985 3872 8443 9607 6647 5273 7652 4131 233 
90 8044 671 7794 3169 314 5334 5213 8431 3618 350 2384 8327 7543 8751 1907 3122 221 5499 703 8285 6128 4377 2409 6274 7316 1895 8874 1427 6708 4163 9067 753 4435 4021 8335 7941 4992 8826 6684 7118 8255 1401 5800 2882 9716 214 1122 3886 1272 8370 4555 6905 3596 4847 8396 8571 4911 5572 1884 3761 6373 867 6923 9086 9305 8014 2162 898 1857 7128 9572 4959 9277 7125 2203 616 9563 172 6068 5092 3760 8070 6633 9968 4135 9555 3080 3375 447 7641 
95 3155 493 804 816 626 8523 9460 1339 227 1067 6475 4099 5387 7026 434 6922 9937 6966 53 5706 9504 1487 385 541 8577 9725 177 2961 2601 409 5704 4542 7190 7336 4504 6590 2502 9116 115 387 986 7860 8066 2082 1774 7146 4471 5842 5095 9283 733 2226 3837 3013 2447 5957 9534 6403 5733 2402 2997 5616 5111 1026 6401 1987 8806 9142 401 1274 7594 506 2619 9503 7480 5120 6782 5359 1682 8736 7508 5466 427 453 2385 4197 5054 9580 950 7194 5562 4875 3504 4275 2894 
86 1434 3922 6190 1938 2583 3878 1712 7183 1909 3598 8130 3396 1053 3898 678 8575 5229 8726 8727 9599 1340 6295 8460 8322 4079 9737 1671 8988 4204 2867 4047 3058 6927 2643 5347 1935 8035 924 8371 4986 8842 8436 1771 7099 48 4148 7013 6698 131 2889 5590 830 2407 3193 6343 7476 7943 3263 1084 6558 3900 4939 4626 9775 7454 8738 8951 1129 5305 9201 4741 818 6408 5527 7738 8061 5491 2306 7801 1607 7772 2532 2456 3857 8887 5002 
89 7318 207 6021 2550 3496 3991 1842 3027 5345 2858 1700 3417 4391 7957 289 3332 3847 2258 7375 2608 320 5742 2574 4694 720 6163 4931 9270 9126 5023 3078 9815 4443 9862 2897 9218 228 55 2977 6388 5993 125 9217 8761 7844 1830 234 2015 6075 3599 8975 8614 1161 5614 3253 5415 7314 9195 3967 6870 7255 9541 3497 4558 206 5992 7339 1628 9948 4326 9221 714 7754 2095 6717 2505 6901 31 6008 4683 5432 7123 5717 2901 4063 3071 8465 5723 582 
85 3448 4960 1472 3384 3171 9913 8227 89 4937 9606 2756 4400 5181 6718 605 515 1042 5201 9565 8897 8718 4692 4315 6436 9149 565 1301 3508 9500 8245 6287 2808 642 911 5803 9370 4515 2235 406 9672 5379 5202 1866 4902 7778 2695 8210 5081 1195 762 1654 7410 2754 8537 2602 5431 807 7095 4928 5421 9663 7269 3862 423 1501 8202 4485 5300 7019 1716 5294 3909 426 9778 7856 501 9293 5618 2075 4791 7294 1946 6279 7215 7234 
90 2368 9371 6956 773 352 8543 4944 6231 6509 4966 8261 4910 6113 1737 3036 8418 7842 132 6105 8494 9235 5784 2021 9044 7755 2707 2892 4483 2071 2083 1074 5578 3670 5963 4873 9750 9628 6368 1972 1870 805 1936 1146 9367 1667 9359 623 5646 802 6565 7673 8982 3109 7823 755 1720 3615 4372 992 3337 5641 5494 2180 1528 6886 6109 3990 9176 4176 6602 1731 5017 8747 5615 7332 4666 3196 6169 6495 396 7951 8487 439 7965 561 4923 1653 6806 9204 85 
85 2635 3491 962 9340 5262 9692 7487 2241 6461 3630 6046 6003 7191 7798 3295 4249 1448 1239 2236 408 4096 8006 8913 6099 9745 150 2853 3821 9660 2175 4388 1307 6472 1207 1011 1435 5279 7213 5018 1003 3686 1261 9233 7919 2560 8148 1052 3853 3662 9297 6009 5287 303 2792 1732 905 4187 7573 8496 176 4876 2958 6645 3624 6080 8485 752 3713 7074 2250 8777 6251 1305 8117 573 6358 3057 8891 3030 1875 6513 2582 4821 4576 9346 
79 3216 9284 3210 1893 1896 4170 6959 3501 3316 6474 8950 7442 9150 2352 1604 1095 1412 7605 6686 5303 3170 6978 3544 4229 7455 1269 1849 7503 3315 1023 8931 4696 1128 5874 2373 6945 2171 8601 1137 6448 1535 9197 4614 3576 8773 8196 2299 5640 2118 8444 5778 5164 2676 8301 8181 3924 6108 2575 897 1966 9539 6899 3163 983 3542 4407 2862 2054 4437 624 3589 9388 4832 8768 7315 8180 6511 2254 9697 
86 2922 5046 9960 1492 9447 9957 1348 2954 271 7929 2228 170 9636 2578 4144 294 1923 795 7259 35 9462 771 9943 2687 9310 3780 4004 8469 6277 7462 9548 4782 8296 76 8844 9906 5417 9769 9845 9448 7344 844 4120 3180 9424 254 4549 5627 4570 255 9981 9528 2702 9896 6054 9401 8692 8705 9746 28 6297 707 5892 1663 3294 7567 8922 4265 7048 8770 2104 9193 5196 1939 2105 4913 4352 7817 7371 9829 8151 7805 4605 3107 5738 2504 
91 5371 9321 4398 3198 7606 523 8654 5136 6888 7014 8356 9755 1675 3763 7084 7575 9632 9625 2358 9302 1178 1009 9439 3420 5772 9415 7405 3654 8042 5763 7812 313 1643 9090 3825 4127 2325 5488 116 1650 6010 3730 8015 4011 5606 4851 3401 6072 1457 4335 7196 6078 4843 5174 1632 3293 9567 7079 1565 5468 8403 9230 9386 1090 9319 3658 1617 9649 6592 2875 4121 7197 9508 6289 9022 3351 1281 634 3859 3547 4291 860 8731 3962 9869 9094 9018 2668 3021 6065 3082 
93 5959 4065 9328 1831 846 2793 554 9075 5938 1407 8890 7161 5612 3707 9115 9096 1430 1236 5912 1414 8442 365 5010 6215 8914 252 4885 230 8150 5119 8511 5413 5951 7906 4882 4869 3846 529 6763 2314 5600 198 2534 6208 639 1070 3495 7126 3677 2979 6323 1050 5806 6400 9070 801 1743 4886 4778 5094 2073 8086 7686 3523 8521 8428 5358 9608 3498 6209 1869 2115 3493 5728 2844 6533 1943 3274 7731 1288 769 3161 9542 6524 4714 2585 7978 4111 4418 9343 8909 8694 7796 
95 6056 4078 9925 3562 5326 3929 6497 7787 5973 336 2205 3005 2140 2048 1429 6556 1257 8266 3537 1093 473 2644 4394 7393 3803 1306 6300 7468 4289 5862 5490 5429 1349 6914 4844 3273 2370 3416 3360 3246 1091 6908 3284 4743 6836 5581 7012 9453 95 4477 8713 3250 6350 7700 6170 7221 6466 8480 6760 2029 3737 8997 4439 913 5563 3564 1438 5203 3593 284 8075 3994 8985 9181 2991 8203 9253 3214 6943 7396 7413 6532 8376 7517 2067 8374 1678 870 9330 9410 5227 4014 9255 1921 7456 
86 2758 746 5370 4501 7511 5967 3534 7329 5942 7384 5846 5668 2860 2906 9640 4018 4192 5990 6580 4076 8320 7299 5353 9485 6902 2738 9437 1836 5496 5843 2595 8122 9035 9482 2178 2020 3839 4410 6129 6915 5840 5839 1853 1451 1453 367 4109 4328 388 9683 649 1224 538 4404 1656 2131 3773 8817 7403 6468 7548 6662 3538 4242 5243 4296 3586 8088 441 2065 4008 6325 8110 2938 9535 9774 4827 1916 7470 5050 8240 2386 7655 4881 8670 6479 
82 3183 2209 3815 8546 8545 4447 7494 1734 1556 5077 487 2459 850 273 5263 2186 2914 2049 9590 2167 3242 2096 6446 107 1194 2983 3715 8316 1132 3340 5407 6715 9919 9910 8878 9703 7554 8939 239 6429 6941 5073 8886 2656 9996 9712 6220 9823 5531 8217 2047 247 8429 8671 7783 7398 1296 658 4211 727 1902 6158 1202 8010 5085 1527 9686 2638 737 9576 7521 7166 940 5256 9987 1105 1550 3970 7921 8132 7568 7899 
82 3831 2265 7132 9443 3247 1060 9037 68 3643 2715 1520 5696 906 9397 5086 1659 5542 5714 9229 8968 2136 8553 5512 2917 5757 3887 5355 7651 413 360 2590 2474 2116 4906 8591 855 3507 7077 213 9177 4276 7102 8732 3470 6726 1673 5295 716 8900 8996 3433 7083 5923 1273 6023 3357 7819 3032 1208 9379 2529 8127 2545 6981 5016 9034 1728 2264 8002 1227 9041 8830 8305 1464 7938 8402 2249 6732 6546 6596 9418 2518 
86 9822 9435 7609 1512 8835 548 5069 3575 1192 6250 16 8083 60 2815 3744 7177 7723 7773 738 3703 9909 8564 3669 6112 2331 4205 8812 6535 1871 4641 8477 1007 391 9970 8369 3392 1206 6674 8769 8665 5894 600 7104 7962 1308 6398 2837 9232 669 9214 2290 9596 1789 8313 6443 8300 761 8098 6896 6984 4253 364 1072 6733 8065 8962 5715 4150 5702 9878 4646 8510 5459 6907 8174 3451 587 4592 4548 2380 5021 7270 3529 1773 1637 5453 
87 8786 3611 5535 8468 6578 8415 9951 6402 2769 9956 9175 9384 7528 593 8884 504 4309 2036 5863 4015 1440 6393 106 4589 4194 3167 1883 4929 5070 9375 70 452 7727 2986 7009 9187 1489 225 3251 680 2817 2204 9091 4213 5943 6450 9292 1567 8999 8707 9553 5098 1611 355 7093 9875 4987 7366 3365 5620 9265 4816 8102 5922 4731 2856 823 1112 1878 7524 4042 8606 4138 7791 1975 9894 1446 9723 7966 120 6960 2968 3530 6074 7341 8385 9577 
81 6042 7937 9054 9662 766 188 7694 5472 8977 3932 2293 1080 421 2212 6123 6379 2359 6710 9665 4975 5446 6205 5639 8645 4758 1121 2788 9308 8040 4792 2802 4130 7387 9993 6145 9007 3635 9250 6719 1034 5720 4157 1517 4258 2206 8610 6714 335 834 1231 3728 1591 1201 4513 2871 748 3115 7113 723 4569 3597 4210 8323 2443 9124 2626 2667 6136 731 3734 1015 7029 6755 6776 574 6737 5953 2134 7947 9837 3808 
85 2139 6812 6257 2496 6931 4766 3937 7475 4067 5632 2195 3764 4084 8697 7180 7728 8526 2298 9546 883 6361 2322 9240 9853 2403 8486 6276 9854 3989 5530 2260 7935 2857 4401 2044 2606 6386 6192 6471 989 7035 3786 3525 611 3961 3939 6861 7803 6334 1341 1450 1625 7632 535 9801 8457 4142 8064 4920 139 3561 8719 1646 7445 2784 8302 149 9074 8542 8695 9143 9476 9099 3041 6377 491 2123 2400 3468 2969 8387 6371 2716 3531 3810 
89 8725 7148 3240 6557 3628 534 182 1330 6664 6258 7724 2573 3518 4386 338 3757 8966 9874 5126 8178 2918 5323 7359 311 8377 6559 6553 9314 5821 5700 4363 3545 8258 886 2924 8047 6238 1214 5766 9309 2004 4603 2056 5994 3446 8630 6426 9390 4177 5695 4839 6539 6492 6768 3960 3319 9174 8186 646 8984 4837 7710 1970 272 1334 1463 4073 5902 5363 7301 821 3688 6631 2328 7289 6832 5936 6932 2737 3083 3719 5621 8539 966 3422 7187 3634 3517 694 
85 2446 7426 4322 2823 4830 4662 4066 9992 7439 3860 6463 3560 1614 2965 3050 2746 7715 232 9540 8958 9184 1229 4745 8649 6944 9406 4264 5045 332 8067 4374 872 5083 1524 2705 9216 916 8426 4546 3828 1856 3477 4317 1068 6362 5746 6991 193 9169 4406 5899 4453 3880 1471 772 4405 279 3217 2172 4007 4675 3691 1827 4342 2160 8742 783 4705 6077 8393 4337 3988 891 5907 4380 556 5507 7861 8619 4963 283 6656 4871 1596 5107 
79 9413 3123 7642 1130 6720 5324 8134 5185 69 9785 1152 4123 4001 3836 7408 8417 879 7526 3783 2232 1707 4083 2303 6740 9178 6606 3608 5412 997 4266 2539 2262 5869 6951 7740 2121 918 4417 4598 9299 3692 8550 4676 3301 635 8759 3567 8140 1013 5628 536 5594 2453 9597 2580 9711 8735 7904 7311 5250 7659 4267 9318 2751 640 8043 7705 6660 9001 5593 3092 2441 5372 5789 1559 2431 6865 3642 7492 
83 389 3511 4616 9031 8152 4574 8286 5914 4870 3987 9128 4151 6445 82 3735 1016 7436 220 930 8831 5170 9583 9393 5159 7078 3304 9203 893 1852 2028 3863 2052 5550 3434 2397 3975 1698 4132 3695 9081 861 9334 8338 1171 2251 2527 5378 4814 6802 3820 4094 2488 7023 9144 8459 97 5891 3282 4572 5762 5814 5452 3627 8763 632 9291 3729 4416 8554 2214 6818 892 2170 3157 5161 4998 1327 5042 2804 4771 2494 2338 960 
86 8172 7633 5524 5837 8339 9155 8166 5794 2876 659 1417 6790 3405 5066 2701 6876 2053 489 675 745 7379 7356 4385 9338 9231 9153 6097 4095 1683 203 3892 6252 7645 6849 8861 6115 2092 7300 4919 249 7696 1885 3889 1706 5299 3102 9421 5037 7236 4538 354 8119 3325 1265 3261 3776 8839 3973 246 9009 4208 4234 767 5004 29 267 5088 1183 8188 2434 8363 3237 4631 2731 5711 251 8077 2959 9505 5215 7839 4345 9782 2528 8314 8636 
81 3060 3902 2163 280 9538 7096 3911 7380 6635 3201 1926 1049 4186 5308 8584 6464 1639 4673 6437 2238 9975 6615 2161 1028 4370 7401 5189 1189 7036 3320 8859 5694 7830 9228 1490 2014 6809 3568 5152 7363 3920 245 6545 4727 1876 2432 6079 8519 9587 2321 1523 6958 3414 847 864 3395 7814 458 8676 9402 3270 5518 4848 1297 9335 7306 8788 4105 77 6415 12 5402 448 3958 8195 7593 1369 2936 4625 8696 5208 
78 3190 8097 9215 2381 1595 6796 8903 2836 5156 477 1863 7650 6869 4005 1913 9391 1055 8050 3741 164 9461 4724 9451 6750 5071 4638 9835 7522 9110 7082 1045 5699 6976 4667 4825 7312 4423 3806 643 2010 8787 7853 815 981 3129 6977 1169 9935 4738 8041 4860 7495 3550 6043 5469 7786 1432 3029 4810 1018 7600 9004 4908 8555 1812 9805 7457 843 6929 8953 7261 6266 8574 5635 8360 2296 6164 3818 
81 3883 6845 7320 8653 5595 8492 5564 9492 3339 7331 6936 3126 8193 8277 7667 7581 9831 8381 5167 8572 7227 2679 4575 6328 5343 7703 1310 1545 5121 4684 8862 3055 1589 9780 7328 1459 609 8094 3502 4294 2551 7005 153 3896 6380 4113 418 2216 1906 226 4706 4056 4023 9083 9316 4846 7160 5807 1355 9298 7303 1019 2199 1031 6273 1277 6260 1470 1978 1119 1181 3663 6360 5375 1136 2215 4685 5681 2155 5707 3708 
78 4172 9714 1764 6543 8394 4338 5934 8565 3921 9019 6459 4050 5148 5020 4636 2966 5883 5693 1203 2129 6522 800 4341 7629 8123 1692 5397 4856 995 7071 5533 5404 1172 3134 832 2826 6063 9411 6291 3514 3368 1054 2581 2631 2312 8758 6877 6326 4035 5495 599 7333 9693 454 7372 2816 1251 6642 4022 4173 9377 6771 5981 347 7618 2885 7770 2211 2776 3289 3664 4058 2814 4256 265 5988 7936 4644 
88 6933 4753 8085 4949 2297 1424 256 3640 4802 3350 422 3291 9980 5144 9027 4030 5796 3033 7870 402 250 7369 6752 3429 5969 4413 465 9889 8055 2735 1861 5420 2040 798 8616 4547 2818 4425 2589 6272 1294 8509 3026 99 9196 1114 5924 4750 9893 2798 884 2229 812 6939 8304 9701 6695 4441 4499 6987 6034 6605 7420 4308 6383 9210 8888 6548 1497 3483 7799 9602 9881 442 4020 581 6783 9347 6447 1270 9423 3633 3159 7850 3913 2791 2879 2451 
80 2223 7584 3256 4634 4236 3833 9441 5886 9646 8875 8949 1964 5333 9772 4248 5654 4567 4942 6658 5580 6244 4387 1433 2064 1609 7580 6084 323 5659 1837 943 7122 9908 8222 6552 865 4402 4382 7612 7346 2546 6706 5519 7124 6594 8221 7626 1763 4836 6045 923 3031 2362 6571 2127 7940 5871 8113 7250 6089 6679 3977 6239 5380 6317 197 6661 7683 8146 5569 3355 4680 2828 6881 9444 9188 2530 8307 9109 4331 
80 5260 6950 42 625 1925 8440 8980 128 5134 9039 7397 5116 4976 9669 2395 7016 4730 7691 4828 4395 7278 2541 5253 4799 4247 925 135 793 2078 8253 4544 686 9855 6378 8435 6811 2390 1223 9256 683 6692 6743 7556 1221 4955 8960 6621 1403 4493 9471 4780 9641 6087 1400 9521 7504 1696 3178 2210 9226 5785 7498 6880 7228 7601 1786 6222 2311 4479 9023 4746 2041 3940 1727 8092 5361 7747 9802 1298 1648 
79 3117 8849 7256 3756 2086 9887 9727 3693 5197 5206 736 1051 3268 6983 8204 9761 7430 1794 2106 7719 2591 2748 684 1541 3297 200 2624 4158 2280 7243 7753 4988 7761 8552 7838 2998 1544 9490 1829 5265 1892 8560 7656 157 492 407 2043 3928 9551 8626 3569 4670 6232 2750 2726 5979 1949 2196 469 708 9631 4155 312 1685 8955 5996 3661 1396 4995 4532 8782 7435 5960 4268 4775 2810 9510 9724 6491 
81 175 2452 4260 1109 9243 6600 1113 6482 8625 8745 4436 8273 5423 1465 2775 5182 4302 1198 8790 679 3871 5376 7561 5053 739 7671 5975 9093 3313 6210 4440 2948 123 394 858 412 1406 9207 7130 585 3461 7033 9122 5982 3639 1088 8837 4704 2379 1941 4482 3852 9611 6199 1901 4854 201 4528 2240 622 1782 8326 1447 7998 1583 5677 2618 9032 7970 1393 2834 8165 5926 4698 9615 2467 6564 3334 7806 411 5517 
86 691 570 8184 2765 6488 9117 457 5130 9685 1590 7516 2640 9129 5585 4009 663 6657 5671 2710 1592 964 9489 380 420 261 2843 1555 6268 5222 1256 4497 3330 6862 8857 7432 2699 9983 4215 2811 7308 9466 9002 6741 8348 8475 6895 3054 3672 7681 8288 2653 1858 414 5419 7425 7510 608 4649 3077 8674 9137 2366 6144 366 9472 6825 6723 5765 8809 5101 3111 6583 978 5764 6654 2706 6311 1010 166 6496 5849 1399 9296 8932 6625 6014 
78 6423 7822 5325 4114 6152 78 5653 1365 3260 7648 4480 9806 9273 8820 304 1293 813 2920 4597 185 9467 5390 425 8458 2722 4306 8013 9976 8573 1360 9964 7942 67 3926 8115 4713 5122 965 9389 1504 3458 4737 3657 7622 9140 4164 1033 444 9465 7027 7262 1058 1729 488 8059 3750 2476 5872 2503 942 4613 4510 3527 8567 4297 6909 1361 6637 3308 451 6821 3345 2781 3829 3554 1864 8629 1289 
83 2849 4189 2563 3492 2202 7613 810 5476 8717 5109 1059 1267 4152 4200 3323 8681 6000 2301 5102 1222 7467 5457 927 1354 5439 4031 743 7847 3379 3277 1723 8832 5297 8611 1085 8512 4601 4914 8814 2576 831 2549 1838 2287 2888 2658 3535 6940 8702 8276 3869 8367 3068 8868 1379 3089 8452 2831 921 3017 3526 1922 2363 9536 7857 1017 809 5665 1254 6577 2093 2571 7156 9586 2119 4643 3305 1851 1738 5991 2007 5486 3232 
82 9014 7735 2996 9136 7643 5209 5917 2512 5247 3682 3172 3855 5910 9790 4777 4639 9963 6519 6643 8679 4273 5163 2310 7660 3777 4577 3908 8325 168 3234 8840 9502 39 7059 7877 1126 710 8482 5497 1553 4943 9326 914 6438 9794 8498 9276 386 1351 7813 5573 5487 2625 2344 3549 1582 1116 4429 8930 6095 4233 8357 3591 2089 6489 7897 1686 9620 7713 9905 3842 5536 882 8011 9991 5787 696 4339 8514 8945 7348 4171 
78 6096 9189 9696 2198 2351 9366 7251 6265 5881 3264 4415 7367 4126 4286 1681 15 2058 8834 8924 1342 5875 6538 8154 437 1477 1242 6666 878 6918 7811 6586 5701 5327 2276 5438 9043 9464 2428 7557 7199 7924 6841 8175 1173 8972 5426 6512 6965 6487 2173 6938 2292 875 5335 1510 1343 7198 9684 2438 9259 2588 880 6911 3572 692 9557 652 2962 7050 9244 9080 8522 7478 2911 6542 4956 845 4678 
79 6781 1386 4759 3775 6227 4392 6595 450 3312 8003 6961 7707 1197 9520 5416 5313 7176 9147 4183 941 7117 9648 7981 3651 8642 290 2286 3794 4281 3146 6697 384 7370 5411 2686 4179 5817 6757 6502 2739 5214 369 9830 7630 2187 2757 1736 4557 5672 1613 8973 2886 5288 8856 4982 1775 3874 2081 6467 1912 6858 1061 5337 8779 3239 8935 6838 9320 1874 3652 2616 5032 3601 3381 7608 9882 8114 8395 7272 
82 5604 1711 7545 6671 138 656 5721 9787 4239 4909 6925 4529 1210 8910 768 2519 7361 2868 5218 7840 3604 1888 2680 3158 1193 6572 5935 1872 6531 7407 7352 648 7188 2124 5291 9300 3303 5219 4032 3941 1103 3963 9616 5758 9757 4378 6223 2111 3641 8667 3184 6039 9726 7762 438 1684 3052 650 657 5544 2471 6852 8312 7055 5719 25 6053 1347 9759 1266 9208 5398 5918 6397 3645 4354 9349 3038 7422 9827 2611 3386 
86 6130 6424 2672 9890 2156 1568 596 6683 3425 8080 9236 3044 896 5298 2535 7986 1264 6255 9915 1165 5166 216 606 792 8328 7513 6979 5105 5570 8001 8641 2132 3905 392 8628 8602 3603 9793 584 2188 2610 8605 3094 8191 6298 1029 522 7882 4167 1063 6119 4656 9852 633 7271 471 8269 4842 4399 4359 3666 5362 4781 5623 4041 8021 5753 6101 9680 4362 9514 7523 3727 8535 2718 856 3015 47 9164 3467 1022 9866 9841 2719 6804 2436 
82 333 152 1817 7186 8207 6791 2554 8952 6699 9352 61 7151 3557 3139 7144 7485 6746 5867 7845 572 134 5759 6744 8793 4221 5425 1259 8466 2097 4460 5983 1329 933 5096 5281 5905 3685 7247 6510 382 1914 7088 9290 5072 8051 494 4800 4059 5688 8587 4162 1931 6853 2592 591 763 7506 1619 1159 7535 7293 2102 7263 6801 4449 2824 3424 5538 349 5776 8846 6052 4561 9474 6303 6435 6217 6650 1791 7775 2659 7417 
82 5634 1577 9038 7918 7245 7358 8586 8934 9408 7742 4476 1985 9139 2218 73 1760 4788 6616 8410 1282 499 8251 1759 8004 2947 3341 9420 3280 9526 3548 5818 7816 6098 9303 8938 2724 259 6337 4420 8650 6228 2348 5443 9325 7385 7515 2692 3890 1781 1973 2929 2839 8233 8608 6875 6555 3140 2455 8863 7657 7469 6455 346 9657 876 1841 1337 6086 6688 9025 9886 7617 1287 6667 9113 2572 2444 2807 518 6480 9527 2149 
85 8854 8346 3042 7030 3592 1805 4169 3681 3781 4311 1024 7579 1220 9428 6844 6452 5368 4795 690 2762 2450 4048 1821 3724 5074 6675 1039 3850 8760 8147 199 7039 7105 8294 3127 1044 8686 9792 9135 32 3983 9931 9252 6629 5409 86 7307 1530 7912 6180 1346 398 481 6104 8291 1903 2473 5103 9516 6525 1984 5414 8354 8557 6066 8451 5932 1633 374 5515 7644 2427 7505 3354 8081 3607 8060 3697 936 5365 5930 6587 503 2367 6173 
75 9581 4115 1788 2586 3551 6610 528 5529 1139 7566 4219 2135 9095 4165 5968 3907 784 6816 4355 7406 4472 2499 9619 7489 685 5769 4263 6550 472 4726 4822 4064 5514 4290 2946 5282 310 6352 1321 4617 3034 6846 6439 1382 1456 6607 8028 887 180 4438 2420 9530 6469 6381 3964 5165 4245 5264 885 8456 8716 8308 1877 4490 8712 7152 3779 5430 9398 4224 1928 5897 8816 7688 341 
82 9145 9111 3363 2648 8961 7574 9791 7529 1021 7335 4327 9385 7890 7867 3009 1241 5400 158 3443 6500 2673 9456 93 4356 1149 5312 9380 4588 9733 5838 8528 3813 2513 9720 560 7195 5770 1320 4375 3584 7663 9736 4371 8279 4277 7018 9588 4756 4700 7212 2740 3043 9046 8414 3419 1213 6792 424 6307 3916 7646 3342 5858 6067 9532 3689 4744 1658 4426 5180 4255 1900 4721 8219 1404 9934 5276 1533 1350 4364 1508 2480 
72 7833 3153 957 3632 4071 8383 9361 2335 429 1809 2526 9899 357 571 9811 5724 3347 2391 3348 2745 6359 6547 8687 1219 6764 5856 7409 7037 21 4533 3430 5352 3795 3543 4081 3132 9959 7493 3753 3137 274 3674 5978 3895 1616 8333 2806 588 2521 8156 9016 4786 6247 3142 8703 8340 1041 9048 1324 7465 8622 9523 3208 6619 6921 1263 1820 7474 7654 9404 7756 2681 
69 9832 2600 8057 9814 3832 660 5583 5865 3679 1148 8049 9120 4195 3845 3992 3118 9286 2642 9864 3090 3182 1167 1420 1810 2846 4550 8877 8318 1233 5292 4212 1948 8666 510 7443 8915 5048 2845 6175 2949 9630 2315 5539 7881 618 3740 5773 4498 2484 8947 122 3969 6107 7193 8209 786 6420 2621 2729 6659 9342 2405 7164 4346 9927 3328 8548 9768 3436 
63 5455 306 3249 9988 8730 8128 4796 4543 281 7458 2003 3524 6237 2013 8052 2168 6304 2838 1917 2771 8264 6230 6652 4691 9973 7305 4243 9012 3955 300 9545 6612 8691 8137 6414 7058 998 6451 5479 52 8336 5340 8684 5927 6127 3976 8767 8380 5866 9333 770 2117 6241 3257 9903 2285 4366 9450 2627 7553 6269 9354 4188 
65 2805 8709 5955 5336 8205 1415 8404 6871 2963 9416 9751 1380 2085 5949 629 2992 2439 9055 7944 8454 2410 1904 6280 9220 1519 1304 2415 1096 8668 1688 7776 6183 9857 4612 567 6224 231 2981 7893 8422 1409 1507 5067 2697 9262 1950 478 1640 7003 8056 3714 2696 9656 410 1699 9245 1979 7073 8433 4012 8648 315 5029 5392 900 
62 9351 4804 2414 2772 27 8472 3181 4503 1807 5511 3099 563 3620 8237 5051 6485 7203 4530 5171 6826 6389 3272 1777 4524 4003 8680 6233 9363 2030 3431 7068 3110 5964 8352 5027 751 1461 57 8283 8764 2708 6953 9513 8023 4299 4596 3244 7479 9807 9614 6285 4554 7945 988 9744 4013 5381 7977 4999 3084 4038 7774 
54 1785 13 9141 9446 9213 7708 2000 4980 7969 961 3462 6410 6005 8766 949 8957 3573 308 8478 9675 5301 1370 6847 9562 7131 5793 2120 2465 4723 3609 3389 8490 9877 7438 6124 5150 7570 4719 5977 463 6789 7127 8580 3809 2605 3338 7145 7434 5089 7461 3135 2025 5269 7690 
55 3660 2440 1408 1204 7704 9826 4751 5237 3914 8829 6351 1855 9754 3267 5744 6566 5916 3103 7675 1012 2562 8723 1098 3336 6225 3407 8976 8815 7846 4128 2151 3897 3409 6924 5541 7273 9647 5186 7133 6839 6604 9566 1075 1569 9938 8280 8342 668 2392 8179 2597 4790 2072 3066 9770 
46 6340 6808 1587 8502 3179 8969 5377 2012 7552 6620 6177 5999 3391 3412 3731 466 3830 7392 6218 87 358 5133 8794 5904 2011 2760 1724 7953 2982 2727 9525 7210 7231 9480 9473 3732 342 3738 5626 3097 5576 7530 6560 9840 1995 9924 
33 5588 7080 4904 1387 49 7219 8324 6284 931 4231 9350 3195 9267 3785 1603 59 3925 5304 8355 2972 8425 5212 9419 7433 4894 7373 1803 5788 8069 4849 9225 1311 8136 
31 2098 7851 94 4034 9515 1644 9133 4545 2207 9885 204 5508 1516 5906 5501 9760 1537 285 9922 2639 9337 7826 9511 7547 6131 8923 9603 1989 607 6769 1951 
22 8544 1808 6613 8896 9816 5556 5760 7202 2960 1620 8728 5597 373 9812 6195 6035 631 7571 6608 8212 1162 6593 
17 4967 3516 9861 5680 2489 5802 8358 2931 1557 2941 4086 9897 5179 7716 5283 6071 6903 
14 7136 6885 3720 7625 6470 8182 6263 6856 4774 508 1394 1065 4203 4859 
9 7427 6677 3536 4446 5440 8623 7241 2733 2377 
3 295 3736 9449 
2 7418 329 
0 
0 
0 
0 
0 
0 
0 
0 
0 
0 
0 
0 
0 
0 
0 
0 
0 
0 
0 
0 
0 
0 
0 
0 
0 
0 
0 
0 
0 
0 
0 
0 
0 
0 
0 
0 
0 
0 
0 
0 
0 
0 
0 
0 
0 
0 
0 
0 
0 
0 
0 
0 
0 
0 
0 
0 
0 
0 
0 
0 
0 
0 
0 
0 
0 
0 
0 
0 
0 
0 
0 
0 
0 
0 
0 
0 
0 
0 
0 
0 
0 
0 
0 
0 
0 
0 
0 
0 
0 
0 
0 
0 
0 
0 
0 
0 
0 
0 
0 
0 
0 
0 
0 
0 
0 
0 
0 
0 
0 
0 
0 
0 
0 
0 
0 
0 
0 
0 
0 
0 
0 
0 
0 
0 
0 
0 
0 
0 
0 
0 
0 
0 
0 
0 
0 
0 
0 
0 
0 
0 
0 
0 
0 
0 
0 
0 
0 
0 
0 
0 
0 
0 
0 
0 
0 
0 
0 
0 
0 
0 
0 
0 
0 
0 
0 
0 
0 
0 
0 
0 
0 
0 
0 
0 
0 
0 
0 
0 
0 
0 
0 
0 
0 
0 
0 
0 
0 
0 
0 
0 
0 
0 
0 
0 
0 
0 
0 
0 
0 
0 
0 
0 
0 
0 
0 
0 
0 
0 
0 
0 
0 
0 
0 
0 
0 
0 
0 
0 
0 
0 
0 
0 
0 
0 
0 
0 
0 
0 
0 
