99 6428 719 1579 5500 9194 4349 4246 2795 8125 8399 1924 544 479 1275 7230 6275 1776 6444 2768 6242 8421 8992 1076 9242 2840 3917 6990 5596 3513 5296 5084 5510 3532 1020 7876 1668 3546 4153 6648 1880 4002 1405 7404 9311 3981 1847 9261 5820 4551 8135 2741 2283 4207 5643 7081 7932 461 9405 4654 8491 6759 5655 7357 9518 7041 5697 7507 3965 1008 2222 9062 1843 8163 7169 543 9789 316 5234 9637 2360 9953 4584 344 4936 7192 5870 5548 9765 8225 8978 6626 1484 6969 8879 4712 3006 8392 8799 7264 
99 45 2584 9601 558 3075 3209 1191 1062 6245 1186 2557 665 8120 3064 8282 3410 7232 8162 2144 9719 397 5224 1674 7412 3079 9571 9936 9172 3745 3100 4938 4831 2919 3254 4396 7709 3835 4201 4293 4720 8813 527 6948 6646 6182 1188 6399 4918 6873 9552 2970 700 1783 6432 8242 2224 4525 9295 2663 2910 1910 2022 7582 1230 7825 9105 7971 7497 7920 4445 3358 7389 2655 7658 2987 3910 5091 8112 5946 7453 2721 262 717 9517 749 4412 9064 2881 368 5712 5591 9100 3540 1665 2565 7540 6051 647 1208 
96 9475 4182 8561 2830 1824 3025 6001 5532 5195 6890 5965 3903 2042 5483 4046 6102 8936 2147 8663 6753 4887 9537 4307 1865 5506 4251 9495 8848 9781 2937 1679 4785 4334 4140 2100 8943 7108 636 2389 2852 8722 6601 6176 8925 3377 7948 5716 6338 2185 6134 3978 5730 5790 4232 9387 6396 2309 5989 4070 842 4202 8016 7283 8800 2490 46 3789 6372 7599 6831 1388 9682 3626 3023 8852 2978 2302 1479 3098 2261 1626 5261 2819 9705 4682 3906 2268 4552 8236 953 7903 825 4037 9969 5211 3399 
96 156 7138 9180 6197 8453 482 5388 811 8927 8850 5898 2933 4535 7744 2145 1597 5598 2555 8714 9708 62 3667 8569 3854 6309 7960 3647 9084 356 2689 6795 1792 5687 6185 4833 8153 84 9704 7785 2148 2408 2080 5691 3321 9279 4578 5135 5947 5727 9355 5956 6530 1469 7155 7437 4103 4010 7848 3754 9162 4451 9901 5061 4464 3792 7226 2932 4709 2347 1381 1155 137 2669 1372 2905 10 7666 6 3112 4320 9713 6916 9900 6203 4619 677 852 3138 5970 6947 5551 9873 1397 7502 1355 2107 
101 1566 1574 4661 8267 5383 286 8406 9417 2332 3772 7496 2524 40 2472 5534 7985 1600 6313 919 8072 1441 740 5348 6007 7201 3335 5157 3203 3520 1657 6793 4880 3802 3675 1083 2183 4888 5238 7091 3986 1564 2426 545 9092 1618 1371 5890 5200 428 3390 4045 2903 4813 2800 8341 5786 1416 6968 8200 9409 9659 3891 5393 2246 2164 9758 5458 3566 165 6803 7211 1722 433 728 2159 1514 2579 6694 6926 699 5575 3841 6293 3369 3588 4459 4688 4973 1115 2329 5729 287 8784 3957 7066 7178 7996 7907 4977 1363 7010 
96 4467 6507 654 1753 9360 8364 4878 5245 5555 4808 1140 2482 2599 2304 2614 3331 5520 6278 4587 8046 208 7149 1689 7598 2337 794 9324 1549 7390 5012 7670 2509 83 5329 9728 1163 4689 2685 9618 109 3011 9414 9118 5015 922 5075 6156 5752 1894 361 8295 7499 8497 8720 6288 2690 7635 8563 3255 549 4770 853 9271 7 5743 7913 1362 3087 5710 8287 6986 5341 6541 695 732 3948 5812 7281 6920 8409 5285 467 7843 1255 2059 3062 6955 9918 5240 5320 6441 6614 7414 5630 1622 9485 
97 2995 3766 3145 8724 1599 9157 7216 9868 8434 2069 1779 3919 2252 1505 462 4697 6520 2912 2221 5522 2057 1131 9356 5637 1898 8741 2728 4117 9808 8638 1532 7304 6412 3262 8677 1493 3553 4344 8899 1933 5913 1144 4930 430 2984 2761 2759 337 1392 2300 5737 6111 2821 9560 2419 4244 3359 302 325 2227 9156 3473 5060 7208 2460 3372 9432 6333 4206 6458 959 3206 7140 5025 9972 5558 7619 8690 948 9082 2533 3938 7788 3993 5586 4872 8959 8928 4512 7362 2561 8479 7886 5638 1154 6766 2248 
93 2717 8946 4077 3265 1030 9589 3503 8678 7871 8017 502 874 2940 6756 2479 1758 2201 785 4817 8462 6727 43 3625 2950 2613 9990 7483 1326 3086 9883 2552 6364 5603 9173 1215 6773 3721 4835 2877 1280 5848 7321 1879 6996 3942 6418 4669 3344 7779 6521 7159 2341 4522 7218 4118 3824 5123 9706 5463 5139 2449 2688 827 7254 4536 3200 6840 9061 4409 7512 5286 8576 7602 9020 2559 2398 5173 5391 7518 9710 5809 1428 7214 2902 3218 5513 1268 3870 4789 8009 6588 2423 7204 
106 7849 9168 7324 4671 4303 839 7448 3656 6765 9732 7253 460 6973 9123 5226 2633 8693 9629 5360 682 8756 8093 6167 7441 435 5223 3192 2477 9425 9531 6630 4559 7135 7610 8499 6820 1899 7939 644 5106 5395 8604 9739 954 6878 5664 5427 863 539 7276 4776 169 8031 5662 9011 4693 5239 1225 8847 5331 3327 1741 5841 8107 370 8331 2208 9237 672 6004 2543 7444 6047 9313 7827 4484 298 8388 1500 9198 4319 5571 2491 8520 7119 2976 8241 486 1762 8981 7930 378 3148 5543 3024 1184 6189 824 6830 1212 1778 6301 969 4378 8111 7344 
94 6430 4768 3236 8644 9445 3782 5503 9584 8143 4318 1822 1398 5940 7790 3275 908 7022 8375 6221 9477 5424 6286 4734 3984 8000 3185 4889 6296 6344 8309 3166 2055 715 3494 822 3490 1585 8448 7237 3705 7025 9010 2165 3003 5230 6483 2032 9729 4072 5546 7378 2714 3927 5187 6758 6315 5389 5498 2700 1955 2259 3252 5194 5338 7874 1332 3933 3230 2356 1687 520 6517 614 7490 4907 2964 9667 1518 6828 7386 2308 3173 9748 5698 1211 6149 6142 9163 1793 7887 4361 9273 7166 1921 
97 2870 577 2993 1187 2191 3076 8504 8366 687 3471 4481 6416 5997 2736 3582 780 4834 5251 7980 1787 8293 9494 7464 5228 4116 117 6874 1802 9327 8211 8493 9254 7450 2629 5647 868 6191 4028 7282 5289 5834 8337 5024 2577 1952 2743 4602 1458 475 270 6048 3400 7836 4610 6963 2975 6110 5980 9676 2272 1426 1850 776 3935 579 8173 6370 4729 1110 7224 2284 6702 8243 4993 5342 6534 6366 6356 2709 1316 8164 127 617 9003 5774 3008 6842 3918 6598 212 6730 7917 9807 427 6212 655 5376 
105 5254 3590 8039 4922 8590 8386 8870 498 108 6928 7864 8547 817 6910 229 5713 8250 1283 4553 4948 9961 2770 6036 6057 5396 8292 9186 5401 7693 2274 1120 7097 4652 6800 1092 1708 1548 1002 9664 6310 6213 6993 6024 6137 9501 782 729 1249 3271 693 2237 6462 6282 9617 7758 9047 4623 8226 5056 7591 3046 3088 6120 7961 6775 72 1748 8 9125 154 8570 2880 8405 5663 5145 142 8635 5319 2566 9950 6103 6335 6248 9065 2990 8197 7746 2094 9947 3457 2904 5667 6161 9573 7004 1522 4767 1235 5044 5033 6413 6787 8863 3289 8446 
102 6975 8315 5673 3104 7175 4989 4390 1040 910 8297 26 6155 1835 2570 1745 3954 404 7519 5448 2401 6125 5210 7637 5682 7910 1770 2744 1302 9848 7317 8036 1064 6236 9006 597 7784 7062 9056 6989 6318 3194 7267 4952 2076 8721 2900 5063 345 3464 6060 2413 1452 838 7692 4365 7069 7888 6384 5484 297 2327 1156 17 8171 100 4595 2974 5047 8524 9578 8091 118 7092 542 4462 7895 7967 2340 7440 4593 6339 1834 7616 8637 7730 8068 5685 321 6883 5845 1697 1106 6390 8683 3555 3876 4915 2084 5322 9702 1451 1738 
98 6198 8220 8099 2636 6330 9764 1846 6425 6879 8740 5908 8781 8566 2469 4442 2239 4716 5868 6481 4304 5478 5857 9223 8737 975 1299 1411 8389 8441 7142 8398 2001 6567 3487 8689 1749 2763 4728 8008 1630 5442 8801 907 9833 6780 1701 3010 3269 5330 7114 1719 5114 4230 1819 8190 5026 8534 4470 5422 744 5038 4787 326 2662 3690 7956 4668 9341 155 5364 1455 3739 8411 9691 3712 8647 4468 3426 857 9978 2812 8515 7094 730 4820 7804 9438 9152 2786 2956 6088 9941 9932 3595 9478 6369 9322 4850 
102 4891 2851 7914 4760 4801 3827 275 6785 551 3579 2693 5153 3951 5566 9836 9033 2747 1715 7249 9549 9165 7572 2375 5125 3326 7296 1735 6919 5748 2233 4562 3678 3388 7374 4241 7473 2522 3484 4019 1444 1915 6585 4428 4092 1796 8775 7242 2657 8883 3894 5006 5804 9673 4845 1383 2593 4496 7500 3113 3085 4085 2333 248 8271 8199 6734 9429 4301 4863 5893 9926 7085 7736 8359 9610 4651 5316 5709 3995 4505 3706 3141 9524 651 2478 1509 7810 1881 9828 3120 5280 1638 3202 6240 4965 7165 9556 7021 5255 1168 2400 7426 
99 8103 8078 993 5703 3452 5041 7115 8027 2 4217 7020 8540 2141 2752 9752 3266 2126 1969 791 7327 319 1245 2531 9753 2158 1882 9457 7869 6523 3648 7664 1680 3791 7767 4223 3515 7377 4136 9057 564 7990 3241 9458 3812 5761 8864 628 1135 1726 6624 3437 6453 9483 4027 5040 9021 4043 9653 7189 5131 9929 1291 1823 6314 742 9269 2787 129 7391 1107 9605 4912 4403 50 2865 1974 7354 4222 3946 4271 5110 3717 638 497 6673 9071 9731 1991 3901 3472 2267 277 2217 9212 8808 3250 8484 3037 3483 
100 9191 4523 934 5798 8607 4494 6980 1247 4122 915 2005 2263 6117 540 7279 9190 7603 5896 4053 1276 5610 971 4313 6299 1804 6866 6409 1127 8541 7045 9442 5879 9260 5749 4857 161 521 7355 6454 2355 5830 3798 1262 3893 8963 4161 1968 4226 1353 5540 9668 758 6851 1391 9734 2110 3004 6712 5385 3056 8495 9345 6964 4853 5920 9199 9000 4508 9843 5656 9132 9479 293 9652 7252 1669 7220 1108 5521 3800 105 4984 5549 9698 8895 4600 3226 9383 6094 8298 119 5915 6810 9643 1177 6405 7233 6241 4131 5366 
104 6599 3353 1572 6638 9440 5557 3856 4259 7695 2418 5537 2399 3322 3306 9073 9382 2051 6995 3680 4739 2024 7952 3722 343 5683 5188 1593 4137 80 4452 3465 383 4193 5434 3784 1971 6711 3078 7925 5584 9127 9029 8967 8824 322 7459 3136 5782 3393 6345 4448 1552 3463 2508 3370 3213 2462 5394 263 6850 5755 3231 9998 4812 500 268 8303 3466 3788 8662 1561 1476 6700 1077 1814 4024 2934 9859 9623 7101 4979 6478 3219 3687 9865 6201 566 2537 2514 7223 9916 1540 2670 7424 5877 126 8964 5644 3952 722 9895 902 9986 6524 
95 3636 8995 8407 377 8183 4433 7569 1704 9470 1066 9891 9130 4560 1390 979 6822 7974 9825 393 8798 9315 5850 6817 4454 4044 4325 5235 8483 6329 51 2230 6069 1226 1228 6651 8347 5249 7560 3124 331 3849 8390 1467 2973 5833 2617 4633 8871 6904 4280 1713 3605 2387 2130 4051 904 8757 9671 2270 1702 8054 6140 3600 8473 8600 6070 8071 6116 4427 8344 7687 2553 6139 2884 814 4450 1815 7121 1474 1765 3710 2523 4954 2516 4257 578 4866 6663 6135 124 5823 4417 6422 7411 4659 
94 6440 9392 3875 9488 2146 5147 6668 5467 8657 5492 9202 417 2916 6032 3844 8234 7482 4677 4104 1677 3091 7538 3997 4621 4809 3904 6854 2289 5861 4432 110 7955 4647 569 4564 2887 6456 5661 1695 6581 4295 9278 4583 143 7290 3944 3441 9024 6147 4414 6226 6930 3512 8139 5567 3376 2181 2113 3885 5554 9017 6967 2112 967 8822 5625 7749 4932 8101 6342 6316 9364 5225 2796 1714 5864 8018 7106 1634 3311 8682 3758 5489 2829 5481 3106 9015 5204 6017 7134 9784 9604 4598 1746 
99 5482 4141 601 8579 7297 1271 3765 5528 446 3333 1860 3659 4717 1278 3811 6563 9974 2137 7679 167 9955 3205 9272 2908 8022 8911 5739 4348 2542 4900 576 5028 1218 4124 1526 4732 7531 1389 223 6367 237 9365 6829 3199 9824 8149 6591 3747 9609 8597 5268 3067 3073 4240 6302 9103 6649 241 2128 6417 3222 705 5708 5853 6691 6132 6219 5745 6118 797 3980 3070 5019 8632 5039 5599 4681 3998 6324 6833 9788 1937 6153 9613 990 9422 6762 3985 8317 4422 3956 7537 2016 7471 7820 5885 9882 8419 9476 
95 3187 1141 9543 4107 8121 7720 4060 5984 8073 2777 1037 6970 6493 1442 3150 1890 9484 8701 2166 9678 589 5901 8865 3804 5435 7110 2242 2774 7541 901 3770 4521 8993 3865 3212 6015 2558 7815 7284 4519 1182 2913 9497 5689 5259 7001 9844 2500 1873 8675 3175 6670 2372 5971 8129 14 4838 4740 5001 756 9487 1338 307 1806 2598 1101 2458 8704 8664 5607 6855 3221 1570 6281 3447 2883 6040 8823 218 8533 517 6506 9030 8916 6029 3931 8585 8290 2349 3580 7153 2623 6202 592 3301 
97 4611 7883 7229 7006 3482 4754 1531 6754 9304 5461 6407 1250 4629 5945 7721 555 5619 33 4350 3281 5177 3243 22 689 987 6872 1431 8224 4431 6574 3298 8413 4456 3834 5611 1097 2790 8639 4180 3585 6892 9902 3801 7859 5718 7044 9430 9681 4112 2951 7546 101 3204 8133 6494 3594 4868 5043 7832 483 2650 8795 4711 6568 3793 2486 269 4971 4000 1586 3947 2612 735 2732 88 2046 1594 5386 621 2749 9045 1601 2487 6442 7926 8774 8583 4708 5851 1690 6843 496 6246 2536 5377 646 6217 
95 820 5777 1833 2607 9498 4632 8026 6623 1862 5553 968 8906 3 2343 3380 4175 3238 7381 970 590 2782 1238 3619 2334 1932 2674 3427 5911 848 8238 8603 6860 7268 4898 4178 3506 1166 6582 8892 3174 4147 8661 3415 6701 1761 6044 2666 8762 7075 3211 1439 4934 2108 6518 211 2070 7143 7879 7732 8138 8208 5087 8048 1463 6662 5141 9399 3676 5792 5217 9063 2336 6799 1997 6887 6141 2393 7711 4411 5882 6308 1629 8596 7319 371 4556 4526 7399 9838 8351 2925 6172 9913 4933 587 
88 8598 1048 9858 2847 6062 553 4951 9747 191 5462 598 2396 4926 3696 7147 2339 3186 4627 6411 6703 5079 3151 174 888 5406 266 8476 4520 8894 5592 7345 301 9051 1920 7340 7072 6143 3807 1046 664 4368 3096 8882 8942 2278 1571 3418 4106 3552 985 3125 1623 2319 8259 1624 9239 6064 1940 6894 1356 4154 9638 3864 3823 712 8789 3374 9661 8084 8032 9633 6327 5633 7677 1967 1071 5844 4674 9971 9161 9403 8167 5836 1099 7534 7207 2720 7024 
98 8450 7576 5030 9740 9288 6347 7793 8971 6640 8481 8503 3149 5751 5128 1499 6748 4455 2353 2664 4408 2101 3346 704 4486 7800 1784 8920 9880 8076 8518 2281 2318 1610 7745 6824 4997 6188 8330 9839 7275 1395 2255 6434 3454 334 7429 6025 4985 2354 8038 7588 9381 7831 7265 4332 66 5827 8599 2445 1495 5154 4648 2174 1366 2271 2045 7963 3445 3915 4285 1357 8467 8998 8408 7902 2374 3154 8556 5232 4664 4367 1279 5459 9134 41 6988 5678 1891 3279 5178 5470 9481 4539 470 2388 8019 5303 5562 
95 6261 3709 9742 5160 9246 5097 5241 9257 416 6778 4458 7449 8841 3373 5456 3455 4573 4628 2677 7086 1996 513 3528 9183 9533 1541 2679 4025 194 1032 6256 9921 5175 2062 4383 2382 403 8538 8248 8345 6735 3974 1661 6772 8621 1413 6611 7564 9507 1511 6204 56 7994 5631 5415 9867 3248 8230 5444 829 5267 6549 3296 7057 3509 6391 146 1232 1481 9945 9101 9977 4039 754 5819 5582 8994 7544 2510 9863 7107 2501 8880 103 24 4890 4353 3826 3403 3285 6179 4747 7722 7577 6207 
93 3016 526 8090 4469 3288 1125 698 3361 3972 2813 9227 8919 7982 2971 2037 5207 9621 8074 5829 6681 1575 2801 8368 6622 91 7872 4089 2435 2470 9851 5369 3215 2989 9818 7875 5350 3035 3191 5480 9821 6814 8145 7007 5080 1102 877 6484 2730 2033 5767 3108 984 2324 2872 9598 1840 3499 4492 1376 9624 1780 5357 7040 759 7624 2665 3485 7067 6937 945 1478 9715 9468 3002 8772 1811 7972 8672 4877 5725 5805 4811 4695 4237 7729 8037 282 1503 362 9192 1651 5193 6091 
92 2822 7782 5062 7901 2091 90 1425 4701 9591 5903 1751 7042 3324 5115 2305 7481 6382 7976 5574 309 5726 6016 7668 1373 8746 1542 8791 9898 5315 2525 5278 8974 9317 257 991 8889 1754 1069 778 8821 6178 5974 7388 7809 9185 6544 2683 7586 8124 8578 7763 5622 775 9066 2485 5242 9776 6689 1845 3718 6394 348 495 5929 1945 890 3223 3307 1982 3613 9108 4336 7287 1374 6499 7551 6713 2422 6784 8660 7090 8776 9904 8918 2371 9650 6264 5007 8096 9914 8194 9407 
92 5832 445 4049 688 7539 4166 7015 5966 7979 1983 144 1976 5895 676 2323 6211 2279 8594 8176 7239 8609 7988 5587 2266 2247 4874 3018 9658 8289 1980 4262 6609 9281 3402 9979 1292 1960 2066 5198 6174 5450 7112 2615 559 604 982 9570 2753 6106 7834 7999 507 4752 5246 4475 9730 3945 4991 8525 1757 2515 6346 2361 1605 4029 242 7562 114 3578 9348 3996 5686 5009 4608 4798 5275 3406 4981 3207 6028 9452 1323 3366 1739 2957 6898 537 5674 5921 1627 6034 183 
95 5876 8424 1641 5645 8669 6897 6319 2803 3533 2785 1285 4068 747 9042 4957 6150 1608 8445 1462 3610 3318 2018 7605 6395 1138 6738 141 4630 3912 468 1317 4272 5781 8089 7706 9952 8437 292 2495 9655 7989 3622 3923 9160 1418 376 1170 8378 2939 5732 3684 96 1606 514 5741 4054 3884 5272 3276 3007 8459 97 7640 6529 1284 6165 8785 9373 8881 4537 7892 6355 7987 5657 7734 5660 3459 1209 2498 196 3959 4384 3668 3840 6404 8062 7697 6561 6942 511 75 2507 6461 2918 402 
92 9151 1717 666 1377 159 8447 328 8170 3051 1014 5129 1100 7351 2350 1325 4715 6516 5082 3851 1994 147 4069 630 1322 8620 9107 8506 6562 4017 1602 431 5100 9634 1290 9917 9593 1799 359 5768 5852 2842 799 1744 1352 7739 9796 9595 4146 1927 1977 222 7889 8158 5252 1073 4389 1190 8379 6682 9005 9171 9026 9493 4772 9331 5221 8706 8811 2376 2063 9069 1378 4571 6745 4615 4228 9353 8218 3653 4590 4461 5257 4585 8631 7775 2659 9741 3748 7768 5227 3550 7338 
92 8141 586 5919 7662 8698 9688 476 1437 3258 4507 7638 7636 6363 6030 1175 2253 5258 9263 215 2873 1740 5058 9121 5670 4358 8463 8249 841 7046 2538 2457 8944 594 2725 4945 6707 1402 1742 4379 5332 5854 7509 1721 7258 5132 9923 4637 3888 8362 7053 3616 6786 2219 1886 7676 6962 7181 1336 8420 8921 5799 976 9294 3394 4663 9519 2461 2764 757 4620 6636 4624 8965 7520 7342 4927 8810 5813 8516 3796 5526 2008 8105 7631 5216 8268 7533 98 4171 8311 9957 387 
99 9106 6229 5552 2711 8948 5756 9942 4765 6151 2604 3385 9933 4279 9984 4 6374 7116 3164 4718 3755 4495 8634 8012 6427 5433 4566 7880 3299 4953 9491 980 9798 5900 8912 1089 620 5055 8652 532 3286 4101 7076 5000 1919 8956 2859 1962 4749 8334 2967 9800 557 3477 3786 3525 254 3599 8975 8614 1161 5614 8155 8116 1578 2026 4742 4604 1043 6193 5754 9102 8030 5995 5437 963 1318 5624 8940 3438 1685 2638 455 3614 8845 415 6305 390 7002 3074 1672 6332 3868 2634 2630 1911 1199 9059 4825 6475 
95 681 9159 2417 1752 3235 7984 2442 7011 3519 3698 130 9884 2767 8530 3623 4784 375 9777 8651 8281 5022 4703 4282 1998 9795 484 36 4190 4457 8904 5568 5474 4040 7257 6893 7400 6460 4823 2923 8536 1303 8752 8185 3065 58 1145 8254 9547 6540 5565 1536 5642 5880 803 7353 9426 5236 4609 7578 8643 9085 6777 6270 7051 6349 1157 136 2002 8748 9722 9306 5649 2079 7486 113 4108 5560 4360 9962 6490 5937 6012 5471 7261 5609 9767 7837 8640 6235 9544 2952 2587 1868 819 7364 
97 9738 1826 1965 1466 724 750 4805 9850 9104 7173 3302 6655 667 4824 7323 8053 5005 5860 2394 6027 4323 9238 7777 8673 9939 243 5168 6331 8588 3069 8593 7743 833 546 7000 5124 741 5405 5137 8855 5118 9434 7288 2632 3646 1358 210 5104 6365 1496 7909 9264 3650 8401 6807 1848 1 7808 5692 1652 7350 1563 19 7098 3000 8612 2628 1200 7302 7451 8474 8252 459 826 8818 2953 4905 2269 8247 9285 4702 2779 6972 2088 5734 7246 1801 3474 4940 2213 9995 1954 7555 3048 5065 4964 6627 
90 2038 5057 7313 474 9248 6687 330 2855 3383 9251 3867 3950 8872 1558 7769 443 4082 6262 163 2468 6634 3541 8532 1258 8828 1730 9289 4174 8025 7419 3362 6138 4990 7824 6997 4914 8507 3456 6082 1147 5840 4713 8255 1401 8109 512 3692 7615 4815 7514 955 4946 6725 3408 7628 1246 6527 9749 7070 1649 3475 8397 7821 151 1703 7862 4075 6465 8160 2483 1546 6569 5629 8306 7477 3649 8979 1705 8893 8792 2273 7934 6639 5284 6121 2678 5987 2504 3941 7418 
90 6570 6392 5354 1942 3665 8983 4568 2152 4996 8797 5815 5310 3953 4622 6504 1217 4252 9329 9721 1344 760 674 7927 7111 2179 8627 6160 6515 2654 525 2799 8131 5509 1647 7672 1908 9677 1747 5428 7589 189 2682 2645 9008 5972 2540 6321 8223 4488 2193 2475 5731 7898 5958 9674 6050 2492 6526 6863 6900 1733 3012 4333 1384 6126 5339 9550 5011 9036 7139 8836 2177 1538 7647 9112 6059 4517 5559 1486 8416 8024 4793 8744 4540 764 9860 4594 7368 2083 3634 
92 1134 3423 9872 8299 3704 405 4794 1768 6294 8513 1205 7698 8624 2506 3367 3671 4393 4903 4093 2622 6267 7054 3858 8646 6971 3711 8262 3176 9274 6385 4292 6357 7209 3863 3670 5963 3982 1436 8989 5451 7549 3317 339 5909 568 5346 6837 6644 5076 999 2364 64 3602 4541 840 6058 3621 5636 2192 7959 4725 8656 562 4216 1513 6805 3726 9146 7452 6254 9167 18 2694 2383 1454 9582 547 5950 575 2357 8501 1270 5621 2594 5779 9431 8753 849 6576 2103 4087 2175 
97 8033 701 9282 4581 436 8568 1468 5771 9635 5740 4091 9797 9930 6234 4607 2930 3716 4181 5318 7488 8257 1521 9989 1151 6361 7240 1767 670 4500 2009 3229 5035 1419 5036 4533 5169 8144 2184 7056 7701 7792 6253 4160 178 1856 153 7102 2015 6075 6565 7673 3971 505 2087 7975 7064 8198 6736 6589 9396 7780 944 3843 7565 5684 4563 5735 5824 5190 9433 932 2109 2896 2197 894 1957 7154 4196 7463 1798 240 8750 3168 7900 3072 5374 1027 2620 4707 8819 4635 1185 697 63 4373 2906 9554 
89 2234 4466 2652 9561 1038 6214 2874 34 7120 6092 4917 8699 3702 1123 3283 3733 1588 8954 610 8970 6859 5138 3040 996 9182 2322 5176 9994 1081 5403 7291 1516 5578 8859 7645 2188 2397 3975 7941 7949 9287 1929 8384 1314 3061 8329 5477 4139 9312 9098 1047 2245 3805 9717 6946 4534 7103 7225 4372 992 3337 5641 5494 867 6923 5328 4283 3165 4209 8104 372 808 2778 4884 4961 20 6704 9579 4274 6184 8986 8270 2099 4254 8265 9558 9307 9147 6732 
98 835 4935 8595 6982 4474 1196 7402 9506 5675 9459 6889 7699 7295 6283 1025 6767 5783 8991 2154 2569 6676 7347 9892 2433 8263 8005 7993 8700 5293 619 5142 5384 5059 5311 2943 2651 9089 8505 2153 3453 3147 3819 3771 6114 9694 7973 1498 3028 866 3063 6696 5373 8990 5505 6078 4843 4555 8310 595 9709 2684 490 7684 6827 9985 1252 2898 1844 7797 6934 410 2471 8738 8951 9205 351 8902 3559 5158 8527 4531 8343 5985 509 8559 480 4841 3421 637 8771 836 4235 3444 202 7162 519 1988 6233 
91 9670 7653 8551 3581 7855 23 612 4797 5889 9743 9131 288 4006 5516 1124 5151 4156 1795 9258 4314 7158 6049 1300 6341 1004 7028 3170 6978 8322 4079 9737 8206 1423 5547 3364 8214 6672 54 7928 5998 8558 4430 709 8332 7682 3700 947 920 4421 8688 2034 6146 6617 7829 613 1240 912 1710 8827 8444 6957 7325 5676 4220 4102 7034 3624 1827 7339 1628 9948 7376 1930 4287 7923 9642 205 2345 7789 2789 2807 2532 2456 6952 5473 4978 5666 7289 4839 2114 4483 
102 1959 4119 6603 5801 7337 1035 4057 7031 8710 2649 8400 1036 5127 5349 9079 291 9268 8615 5705 5 2138 4858 1750 9585 4969 6994 1944 1525 6559 6553 9314 5821 6277 7462 9548 3743 2928 8159 3631 6813 3290 6085 6018 5579 3629 5367 1642 6945 2171 4199 2671 7587 6100 9666 2125 8373 379 6376 5447 1117 299 324 3790 9928 3539 4879 774 6949 4972 3999 4491 2277 4198 162 8430 2317 217 1331 8853 5140 9028 8648 6631 8747 5615 2095 6717 3936 2275 2448 4762 3522 5859 6271 4897 9847 5988 6164 531 9138 7074 6470 
95 1179 3873 3233 2517 2713 4397 5008 5608 9336 4773 7421 1818 1410 9224 3259 9967 837 2236 5229 8726 3949 3114 7891 7751 380 420 7468 4289 2071 3398 7614 8617 4941 9087 3606 7525 7958 9072 3121 71 5108 6665 4074 4748 3220 2704 1142 5220 9421 2287 733 2466 3799 9427 7248 4645 7217 1584 4143 4924 6505 9846 8869 260 2861 9234 6641 6834 6194 9206 1153 3521 1328 828 2282 8192 37 3045 3239 2862 2054 6495 4947 1655 951 5736 4586 2493 7841 2809 6133 5561 7559 6906 3182 
93 327 3387 7995 1573 5944 1691 9200 7689 7752 1772 9966 3762 9076 2841 9907 6322 6292 7286 4096 8006 8913 2637 8365 8873 9762 6312 8528 4229 7455 8655 5382 1986 6033 881 7863 3817 6449 3020 5441 2316 3879 2675 6406 3382 7298 6375 2424 8796 7310 1598 449 4125 7206 2945 7365 8321 8866 9509 3371 3822 3638 1006 4806 6383 8021 4234 767 8382 3309 3469 9374 5589 7360 2454 6797 3450 4061 8749 5936 4995 12 4735 9687 5948 5317 6320 2556 5418 711 3810 7036 658 8898 
83 7678 4052 6891 7382 9718 7222 3128 3460 854 4769 7244 1756 2430 5117 1562 4983 7865 899 3479 956 7915 4478 3480 2194 6473 7597 1118 7415 4679 3742 2547 1158 9689 5309 9871 9372 1934 5847 986 7860 4090 6026 1963 245 7853 9283 9050 1057 9209 9469 381 5464 2899 1216 7964 6685 3751 104 3189 725 7017 3673 9486 8633 5445 441 2065 4008 6325 8110 6181 8244 8658 8272 5780 145 8941 1345 3422 5273 7652 2980 6455 
85 7674 2182 2698 994 7343 7395 6200 6857 6819 8118 2169 4214 8613 3177 4655 1515 8937 6618 3225 7349 7866 3439 8581 926 9954 7629 8123 1301 3508 9500 1309 4168 2122 6954 4892 8659 9179 2017 6486 9845 673 4288 8901 264 7757 4080 2256 6653 1828 2564 3571 6724 5651 9626 2723 4861 1087 9644 6987 4225 8729 6290 9879 6774 2437 7048 7717 1254 6577 1543 9679 5231 65 7726 3816 3349 2895 4962 7854 2406 9982 7456 1090 6243 3227 
89 187 5014 7760 7205 1312 7235 9695 1491 7611 4803 3694 3278 1152 4123 3122 221 5499 703 1243 662 2794 9362 8235 2142 1839 5146 9339 5523 3481 6690 1694 1435 5279 1709 4582 4565 140 9651 5162 7620 603 7623 2893 6433 5356 1488 5191 3574 8029 5884 7585 2133 7141 2941 2592 591 763 8312 1159 7819 5933 7182 8157 9496 1506 4296 3224 1718 7868 485 889 2691 1333 1943 3274 8731 4352 7817 7371 7997 4775 6038 4419 6537 9799 2497 6148 7571 751 
99 3039 3440 1769 2378 9594 2766 6597 3119 9820 2890 9568 5545 4650 8885 9052 1422 4710 952 8439 8549 3411 8108 3049 7087 4514 7061 1160 0 8423 7163 4640 5090 2176 1693 2646 2909 1104 5951 7906 4882 4515 4696 1128 5874 8189 9455 1771 8489 3723 1664 5775 7200 9119 8087 5199 2425 1645 8804 6678 4133 5034 9088 5271 3617 6259 3413 8508 3861 296 11 8739 8985 4326 9221 714 1576 7604 1958 7280 7858 806 4580 3583 8582 6823 7764 2481 7322 224 2661 9154 1635 4347 3536 2231 9870 4949 7029 1720 
90 5835 4974 929 1359 726 2330 4807 8592 702 9522 7894 9219 9612 653 7992 4250 5797 1612 6731 8754 9803 2129 6522 3558 2027 3882 7680 4110 871 4958 4579 8215 2891 8907 8734 9809 3314 3435 2416 2390 9135 777 7043 5093 1494 2342 7238 8926 7184 958 1887 8867 6353 2411 4191 440 4261 4911 5572 1884 3761 6373 2180 1528 6886 6109 3990 9176 4176 6602 5120 6782 5359 1682 8736 7508 6503 6041 1385 7089 1295 2143 8187 4502 869 3188 7460 419 7527 4477 
94 5266 102 7828 3968 1539 5613 5952 5475 4088 8851 5031 3476 9378 9735 5244 1260 9625 2358 9302 1487 8285 6128 4377 2409 6274 4465 1725 2039 789 4736 400 6037 3637 7950 38 1889 1867 7873 4284 8455 8665 5894 600 2404 8007 4829 4779 7431 4312 318 8860 5485 7737 4893 5493 7292 247 2029 3737 8997 5778 2827 8825 7627 1755 7269 3862 423 1953 6848 9569 8169 4270 6076 399 44 1305 8117 9912 6159 3979 4699 7852 7174 1313 8412 946 4097 7908 7049 6835 7649 1379 8694 
92 9053 4764 5233 2864 8432 1956 9075 6093 1670 7394 9699 8778 8438 1560 1421 8063 627 8765 9241 6985 2295 2346 4722 4298 3486 3556 2499 6436 9149 565 2955 2243 8391 6171 5501 9908 2040 6145 9007 8591 855 3507 2082 5962 1905 2220 533 2869 9424 4340 903 6306 2568 9077 583 5003 1502 7428 2988 4653 5078 9512 7685 4253 364 6108 7818 3133 7933 7501 5873 1443 661 3081 6022 235 8708 6002 6932 3197 9987 1105 1550 1607 1473 5717 2901 3080 3375 6216 9600 329 
81 2734 1999 602 8372 7047 6770 9166 3899 9756 6168 9592 8833 6815 6912 1236 6779 5351 456 8968 6446 107 1194 2983 1895 1897 219 1676 1082 2835 8917 8260 7802 7771 1460 258 1319 6882 6206 7157 1483 3759 9 8601 1137 6448 1535 9197 4614 3576 6403 5806 6400 9070 801 1743 6020 1180 3397 1078 317 2421 4463 5184 3478 3352 9766 859 1800 7807 192 2942 4895 4518 1079 788 6157 3059 3570 9700 6575 4869 
88 2603 8858 5465 3877 7639 5939 1364 552 4660 6864 2244 9804 3866 432 3442 8471 5436 1961 8500 7065 4487 190 4758 1121 2788 3683 4527 363 3565 4062 9842 8213 9529 4657 7423 6999 6693 2825 9249 9222 2833 5306 8142 5504 1094 3152 8780 6166 938 7795 9040 5013 5825 6249 6336 1286 9920 179 1164 2742 3787 9275 9114 6477 7665 8427 4036 186 3838 7583 737 9576 4666 3196 6169 3663 5054 9580 950 3769 6061 7718 8805 5738 4460 3116 6936 3392 
88 2150 1813 395 7179 3505 5941 3701 9940 5669 4896 9559 5826 9627 721 238 7842 132 6105 8494 9235 9395 6747 7748 5878 1620 1132 5976 1248 8466 8602 9368 9575 7334 2647 3846 529 6763 2314 4511 6721 1223 7702 1636 2225 3657 611 6350 7700 6170 7221 2200 6768 8336 7023 7093 4357 4016 7634 1992 8212 9357 7137 9086 9305 8014 2162 898 1857 7128 9572 4959 9277 7125 8803 641 7741 8228 3404 7965 561 4923 1653 6806 9204 85 3143 4543 8716 
91 2921 9888 4473 1660 7781 2090 5049 8177 4994 6992 5113 276 7922 8464 3612 779 5658 1631 7621 4278 6551 3300 7896 9078 5302 74 3500 6584 4055 7105 5068 5314 9815 4443 9862 2897 9218 228 3488 1176 8278 909 2944 5808 5379 5202 713 1054 2581 3129 6977 1169 8210 1341 4865 2307 5617 6083 4763 9783 9911 7550 4269 1234 8361 2773 8275 8531 7905 1086 8742 4733 8802 4369 2257 1947 2866 9148 4840 396 7951 8487 8743 7772 9188 2530 8307 2494 7492 9321 5018 
94 9058 9049 4852 9211 862 6154 5149 4757 928 7060 2755 7109 9454 873 3292 6868 6554 7185 2429 1854 8239 1340 6295 8460 6162 9949 9436 7038 2061 7765 3774 3144 9690 718 8253 4127 2325 5811 3131 5290 781 2463 7712 6508 3094 6716 9763 7146 4471 5842 5095 214 1122 3343 9323 2006 8319 7129 1581 6739 3162 9779 4618 6788 5602 4899 4606 6019 5961 5172 9013 8449 6917 5155 9301 8045 3752 6431 121 3014 253 2712 5491 2306 7801 2031 9786 6650 7315 4875 3504 4275 2894 3719 
91 7277 6669 8246 1143 7946 6729 2365 5529 9685 2858 2384 8327 7543 8751 1907 3707 9097 6794 3881 5368 1547 8201 9565 8897 1368 3489 177 2961 2601 550 6276 734 615 2068 6705 9857 7213 9919 4612 394 9250 7532 4098 1482 4157 9359 623 4424 4113 1567 8999 8707 1632 4321 2660 3378 7447 5750 9946 4159 7563 2035 6031 1475 9649 6592 2875 4121 7197 9508 6289 9022 3351 4407 4381 7991 5344 6573 2907 2291 1150 7885 1551 1367 4690 7260 6090 4260 6255 1950 5544 
94 8044 671 7794 3169 314 5334 5213 8431 3618 5112 8733 5855 1554 6073 4227 706 5307 8711 8933 3001 9394 939 8488 1174 4185 7916 2303 6740 4641 2511 2320 3105 3228 4818 1825 2178 2548 8106 3356 2878 2019 6728 6471 989 7035 4855 9712 95 6362 3287 5627 4570 5287 303 5957 9534 6487 2754 8537 2602 2997 5616 5111 1026 6401 1987 8806 9142 3053 1501 8126 8905 6501 1005 6659 9523 3111 7517 251 5536 5276 7435 9869 6722 2850 1001 8715 6055 4184 4916 7326 9344 2473 5197 
92 3155 493 804 816 626 8523 9460 1339 227 1067 7331 1809 9636 2578 4144 294 1923 795 7259 1095 1412 1414 8442 365 5010 6215 8914 252 8874 1427 7330 790 5601 972 1000 8562 2412 5791 7596 5828 55 2977 6388 5993 125 9217 8761 7844 1830 234 8732 3470 5648 6621 6009 255 9981 9528 7476 7943 3263 1084 6558 3900 4939 4626 9775 7274 3725 9369 8079 2074 3699 8838 6751 3848 2926 8058 3943 79 6867 4026 796 2189 2915 2075 4791 7294 1946 6279 7215 7234 
82 1434 3922 6190 1938 2583 3878 1712 7183 1909 3598 8130 3396 1053 3898 678 8575 6464 4076 8320 7299 6099 9745 150 2853 3821 9660 409 5704 4542 7190 7336 4504 6590 2502 9116 4376 3095 1056 7884 4343 3034 9996 1068 8908 9400 494 3535 649 1224 6343 3329 7285 5468 8403 9230 9386 5620 9541 3497 4558 206 5992 4342 9193 8433 1017 5016 9034 9253 3214 3909 7738 8061 6068 5092 3101 9444 3633 3857 8887 5002 6089 
93 7318 207 6021 2550 3496 3991 1842 3027 5345 477 4151 6445 82 6718 605 6966 53 5706 9504 9665 2608 320 541 8577 9725 4083 1797 7661 9376 4489 2867 4047 3058 6927 2643 5347 1935 8035 924 8371 4986 8842 8436 5581 7012 9453 9232 669 9214 2290 9596 1789 4847 8396 6476 9266 5986 4826 3245 9944 5099 8930 6095 9265 1663 1859 8010 5085 9813 2115 1580 2626 5527 8935 843 8174 8060 4592 4548 2380 4516 1559 7270 4111 4418 1990 5690 6632 4901 4329 7663 5323 2639 
87 3448 4960 1472 3384 3171 9037 68 3643 2715 7191 2756 4400 5181 9115 9096 1430 7607 2710 8564 3669 6112 4692 4315 6547 6186 2832 5183 4864 7812 313 1643 9090 3825 8296 8350 5282 1490 2014 1621 580 9060 9707 3180 9876 2326 7558 112 8529 4509 6905 3596 3432 8082 1523 6958 2596 761 8098 6896 6984 201 3658 765 4968 4324 9849 9819 464 3493 5728 2844 6013 5466 2834 7856 501 9293 5618 2985 3872 8216 1315 977 7911 2288 9292 7547 
86 2368 9371 6956 773 352 8543 4944 6231 6509 4966 8261 4910 6113 6922 9937 515 1042 5201 771 9943 2687 9310 3780 4004 8469 5700 9126 5023 332 8067 4844 353 4591 3563 3310 865 1459 1589 1698 8015 4011 5606 4851 3401 6072 1457 4335 7196 3047 1918 645 7733 8196 2299 5640 2118 9144 6528 148 1335 7170 6514 9834 9574 7954 9402 8428 8202 4485 5300 7019 7595 6011 4490 1227 860 3451 2716 3030 1875 6513 2582 4821 4576 9346 4856 
83 2635 3491 962 9340 5262 9692 7487 2241 6265 8080 6046 6003 6474 8950 7442 9150 2352 1604 3703 9909 3019 173 5784 2021 4145 4413 465 1545 5119 8511 5413 3797 9654 8552 7838 9228 4599 5817 6915 6457 6757 7099 48 5270 4883 9564 4970 4149 9999 6628 5399 4305 524 7168 8161 9965 748 6122 6196 5449 9318 7498 1527 9686 442 2885 2203 616 9563 172 2848 2999 340 9358 8589 6498 8443 9607 6647 7947 9837 3808 8385 
92 3216 9284 3210 1893 1896 4170 6959 3501 3316 350 1700 3417 4391 7957 289 3332 3847 2258 2609 5925 3644 8718 4950 6419 8517 9044 8274 8783 5502 6979 1259 6715 5429 1349 6914 8840 872 5083 1524 8844 9906 6368 1972 1870 4218 4925 9207 2204 9091 4213 5943 3677 2979 6323 8370 5174 3068 2792 1732 905 4187 7573 4686 7646 3052 4731 3093 3966 1324 8354 3750 2476 5872 7669 7480 9201 4741 818 6408 3859 7542 516 3057 8891 5372 3468 8151 7805 4605 3107 2254 9697 
88 2922 5046 9960 1492 9447 7494 1734 554 4238 1816 7309 6935 69 9785 9817 7416 5460 7383 6348 4867 5525 9856 675 9546 883 9622 9437 1836 5496 5843 2595 8122 9035 9482 7983 4316 2780 92 133 4603 2056 5994 3446 8630 6426 9390 2077 6998 1456 9297 3820 4094 538 4404 1656 2131 3773 4886 5164 935 3749 5888 160 1529 3022 6579 8188 9181 2991 8203 787 4155 5196 1939 2105 4913 3962 4698 3161 9542 7839 4345 9782 2528 8314 6065 3082 1400 
82 5371 570 5524 5535 8468 6578 8415 9951 6250 16 5668 2860 5999 6000 6123 6379 2359 6710 4639 184 209 2313 3905 8687 2707 111 4363 3545 8258 7536 4921 7811 9780 2935 4873 9750 4658 3360 3246 1091 6908 3284 4743 6836 2546 6706 8095 4819 4434 3319 5810 1450 1625 7632 535 9801 4778 4876 2958 6645 5004 7469 6903 7301 821 3688 4150 5702 9878 4646 5795 7100 439 3328 769 5375 9018 2668 3021 9958 3767 1273 
81 5959 4065 9328 1831 846 2793 3937 7475 4067 1520 5696 906 9397 5086 1659 5542 5714 9229 572 134 7393 2797 7592 4444 3130 8477 8988 4204 2590 2474 2116 4906 2998 9068 8020 1406 3828 305 7167 2251 4258 2206 8610 7750 8837 4704 6387 8186 3852 3776 8839 3973 246 176 488 9639 1534 9744 770 506 2619 9503 8929 195 8685 3510 6251 8695 2505 6901 31 6008 4683 5432 7123 4135 9555 6542 2791 5453 333 
88 6056 4078 9925 3562 5326 3929 6497 7787 5973 336 7929 2228 170 7798 3295 4249 1448 1239 2701 9773 1133 5912 5863 4015 1440 6393 106 4589 4194 8042 5763 1671 5659 5530 2260 2986 7009 3416 5417 9769 7104 8886 2656 895 4317 3495 5646 802 131 2889 5590 830 2407 3193 8221 9174 7079 1565 9875 4987 5923 9009 4208 4429 7686 3523 8521 4242 5243 1183 6661 3655 8542 4020 581 4291 9041 8830 8305 1464 7938 8402 2249 7655 4881 8670 6479 2892 
88 2758 746 5370 4501 7511 5967 3534 7329 5942 7384 5846 2195 7528 593 8884 504 4309 7375 4597 185 2136 8553 5512 2917 5757 3887 5355 7651 413 9771 8862 3055 9793 911 5803 9370 9466 3686 6291 1774 3889 4276 4177 5695 3897 4549 1114 1517 8758 1013 762 1654 7410 1265 3261 8671 7783 7398 1296 2733 5722 7303 5715 8962 708 8088 2285 5101 9124 9886 4337 3988 8376 6654 2737 3083 8070 6633 9968 7194 2134 9343 8909 973 2104 1257 9896 1810 
88 3183 2209 3815 8546 8545 4447 6720 182 1330 6664 6258 7724 2573 3518 4386 338 3757 8966 9874 8526 2298 4975 7878 3587 4134 8349 5887 437 1477 1242 323 3850 360 3277 4687 997 4266 2539 2262 5869 6951 7740 8066 9672 7130 2010 8787 5299 3102 8996 7236 4538 354 8119 3325 355 8113 9693 272 1334 6297 707 5892 4816 8102 5922 5358 9608 5305 632 5408 347 181 7791 6532 891 5907 4380 2544 937 5928 5021 7568 7899 5758 9976 1274 9616 
87 3831 2265 7132 9443 3247 1060 188 7694 5472 2459 850 273 5263 2186 2914 2049 9590 2167 3242 2096 3783 2232 1707 2680 3654 3167 1883 6472 1207 1011 4130 7387 6354 5291 1214 5766 8231 858 5600 198 6749 6006 7491 7725 998 7172 9794 8498 5531 3013 2447 8587 6045 3615 4860 6199 7366 3365 1569 7548 1902 6158 284 8075 3994 7998 7601 1786 634 6222 9805 2567 2703 8987 5650 6798 6266 3589 9388 4832 8768 1791 1773 1637 4644 4395 1111 
86 9822 9435 7609 1512 8835 548 5069 3575 1192 3921 9019 6459 60 2815 3744 7177 7723 7773 738 3537 1093 473 2644 4394 4387 2574 4694 720 6163 4931 9270 2132 4095 1683 203 3892 2050 9332 798 4100 116 1650 6010 3730 805 1936 1146 9367 1667 2837 2551 5652 1832 4656 8773 5205 1231 3728 7314 9195 3967 6870 7255 3924 1072 7594 4569 3577 9905 9881 8606 3842 3157 8100 3734 1015 4827 1916 7470 5050 8240 2386 2296 1993 2149 1445 
84 8786 3611 6557 2496 6931 4766 5209 5917 487 6402 6961 7161 5612 663 6556 7430 1794 9831 8381 8958 9184 1229 4745 8649 6944 9406 9499 974 1269 1849 7503 7032 9993 7059 2826 9300 3303 3778 6272 7077 7919 2560 8148 1052 3853 3662 8972 2653 1858 414 5419 7425 4572 7373 6571 7403 6468 5321 5414 3032 2575 897 1966 9539 1731 3163 5017 5996 2927 3930 8846 7713 2776 2067 8374 1678 870 9330 9410 5410 2783 9418 2518 5454 
85 6042 7937 9054 9662 766 8227 89 4937 9606 1863 7650 6869 4005 1913 9391 1055 8727 9599 6686 4550 4205 8812 3715 8316 1007 1039 1872 6531 4665 7328 4440 2948 7554 8939 239 6429 6941 5073 861 4862 1662 2369 6742 8807 7013 6698 1876 1272 4033 5248 8461 8034 5816 5733 2402 4837 8496 8856 8452 2831 4022 7266 8229 1202 2089 5785 2784 8302 149 9170 7618 7521 6943 2572 7731 1288 9505 5215 1136 4963 283 6656 4871 1596 5107 
87 2139 6812 6257 1817 6683 3833 9441 5886 5794 2876 1675 3763 7084 7575 9632 8697 7180 7728 232 9540 5167 5170 4642 3934 1485 8876 1555 3320 1096 3608 8245 6287 2808 642 2020 3839 4410 6129 406 7962 1308 6398 7656 2527 5378 4814 6714 335 834 5628 2321 2702 7495 2886 6381 7160 5807 4920 139 1617 3538 5452 3627 8763 1061 8788 1728 2264 8002 6533 9143 8165 3092 9463 7008 1237 9866 6564 3334 7187 7341 2338 960 5136 8094 2438 250 
86 8725 7148 3240 5837 8339 9155 8166 5156 8875 8890 1964 434 7397 6876 8266 7408 8417 8178 6244 2238 9975 6615 1253 7931 5425 943 2286 3794 6918 9412 9247 7766 5770 2699 9216 916 8426 115 1553 4943 1171 1866 4902 7778 3814 6884 8843 3293 9567 1611 8156 772 7710 1970 864 3395 7814 458 8676 4755 2190 8485 752 3713 8363 2667 4138 6136 426 9778 2385 4197 2828 1446 7861 9970 6960 2968 3530 4014 9255 3818 3195 1189 2804 5564 
86 2446 6950 42 625 1925 8440 534 7245 8565 4802 2769 9956 9175 9384 1178 4084 1264 5144 9027 5883 5693 1203 4673 6437 7227 2310 9415 7405 3158 1193 9203 893 1852 2028 5192 6252 2370 9187 1489 225 3251 680 2817 9256 7363 3920 4277 6220 9823 9276 386 1351 3253 4596 3880 8984 3089 7095 4928 5421 9663 3178 7250 4810 1018 7600 9004 4908 8555 8043 7705 6660 573 6358 5256 448 3958 6776 574 6737 5953 3529 9802 1298 2451 3832 
84 9413 3123 7642 1130 7613 6600 1113 9646 3005 2140 2048 1429 3405 5313 9915 35 9462 8790 679 5742 5772 1354 261 925 135 793 2078 452 7727 7935 2857 4401 2044 2606 6386 6192 9736 9334 8338 1706 1261 5746 6991 1050 7438 884 2229 812 8429 244 9401 8692 8705 9746 28 6107 4308 9597 6679 6548 1497 8308 7306 7524 4042 8510 7770 2211 2706 6311 1010 6755 8195 2969 8387 6371 265 9527 6511 7690 168 5981 6875 7966 
85 389 3511 4616 9031 8152 4574 8286 5914 4870 3560 1614 2965 3050 2746 8418 7581 4942 2439 6280 6205 5639 7316 6535 1871 230 8150 4726 1837 70 5983 8047 6238 6098 3635 4215 2811 7308 9448 844 4120 1070 6743 7556 1221 418 2432 6079 8519 9587 8041 4438 3031 2362 2453 122 3969 6605 7420 1251 6642 1729 9379 2529 8127 2545 6981 7228 8770 8567 5294 3547 731 5747 9774 6881 6821 5789 1399 6680 8470 624 4188 7641 5926 2750 
84 8172 7633 5955 7606 523 8654 2954 271 2512 5247 5387 7026 5333 9772 2036 15 4152 7361 2868 7117 2331 5053 739 5277 7835 6268 8055 2373 7195 1023 8931 5281 8605 7300 4919 249 5839 1853 7088 30 7171 7126 8168 9810 6726 2695 8175 1613 398 481 8626 3569 4670 2023 3768 6913 5143 3593 8719 1646 7445 8922 4265 6273 6053 9032 6761 1981 5711 1975 9894 4680 451 4643 4714 2585 7978 4063 3071 8465 5723 582 4588 5222 
85 3060 3902 2163 4662 4066 9992 7439 3860 6463 3099 3462 3268 6790 8820 1016 7436 220 930 8831 8572 7840 3604 1888 1777 3777 4577 4638 391 8573 8284 5701 6976 5497 2818 4425 2589 3502 4294 918 4371 3461 99 2060 8713 492 4955 8960 52 8333 6119 8900 923 6195 5605 3428 6023 5563 8301 8181 7530 622 1782 7659 4267 4449 2294 4705 6077 8393 9759 2311 5569 453 7968 2441 4058 9645 491 5991 2155 5707 4300 4804 4601 4399 
89 3190 8097 9215 2381 1595 6796 3630 4169 1407 8949 2293 1080 421 2212 4192 5990 6580 8957 216 6643 8679 4273 9583 8256 530 5969 5074 3340 5407 6666 7942 8369 648 686 8335 9628 9303 2004 9081 6809 6510 639 917 6380 7212 1173 2798 6334 7271 9551 180 7133 8300 6695 4441 279 3217 2172 8064 7198 2240 3526 401 6723 7465 9657 1031 7799 2434 2250 8777 6832 1347 7413 6783 9347 6447 4998 9829 8539 966 2431 6865 3642 6546 6014 635 3549 3729 
83 3883 6845 7320 280 3628 6543 3693 1556 5077 8586 9492 3264 8083 7742 1267 1210 8584 4355 5796 3033 7870 8454 2450 5163 1821 3544 5822 9308 1307 4691 3813 4684 7071 8878 9703 5488 4547 5438 710 8482 9411 3568 4761 278 367 4109 4328 388 9683 8414 226 4706 4056 4023 9083 9316 4513 2871 1065 1775 5762 5814 885 7567 5932 1311 1869 7052 1790 3527 4297 6415 9320 8146 9474 1369 6496 5849 1851 503 5361 7688 1289 
79 4172 9714 1764 6488 7574 9366 7251 3339 4099 3682 3735 1059 9640 4018 2775 5126 1639 3272 2745 3420 6538 8154 9338 4885 4158 2280 7243 7753 4988 3434 123 5533 2686 6063 3806 643 5122 1453 9716 6438 2658 4800 6940 8702 8313 8571 9611 2047 8868 7506 1619 4982 2816 2196 469 5753 5518 4848 1297 9335 1978 2962 892 3940 9001 3760 8953 9164 3467 120 7921 8132 2810 7063 2994 7580 4330 2092 7857 
90 6933 4753 8085 9890 596 4236 1365 1805 8404 656 3679 4239 3932 896 1049 4186 5308 5020 4636 2966 4030 6500 4795 690 2762 1222 941 6752 3429 7755 6750 5071 5935 9178 878 5064 1206 6674 8769 1244 7312 4423 8814 2576 1885 3026 3963 3137 2187 2631 6861 7803 1088 6466 8480 6760 1033 6853 3433 7083 1901 2676 3564 1438 5203 3561 6880 2443 5765 8323 2751 640 1812 77 5977 7683 1361 6637 5161 5960 4268 5635 8360 845 9827 233 4678 2392 1995 267 
81 2223 7584 3256 4634 3775 9887 457 5130 8356 9755 659 1417 3350 8204 4248 3746 81 236 6616 964 9489 3803 1306 6300 800 8264 1692 5397 7761 753 4435 4021 4375 1034 4992 8826 6684 7118 1294 8509 7696 1530 9290 5072 8051 3939 193 9169 4406 5899 4453 6792 424 6307 3916 2127 7940 5871 3029 1162 5088 6825 4210 880 1874 5677 7457 7332 2731 6907 8077 2959 3664 8574 5029 7747 8114 3531 2936 3232 9298 
91 5260 660 4189 957 7704 1348 8492 8969 7566 1590 8745 4436 8273 5423 1465 1681 6485 5867 2058 851 385 4356 7981 9853 2403 8486 2722 4929 5070 9375 1074 9110 7082 1045 5699 3315 5352 3795 8938 6811 4402 7612 7346 965 8475 4148 815 981 5594 2484 8425 6877 2173 6938 4498 1480 6087 8817 5891 3282 7786 1432 8086 8357 9472 9631 2503 5719 25 692 5764 6709 6909 6929 4532 9423 3697 3645 4354 7593 3159 7850 3913 1864 8629 7622 9113 3305 472 2093 197 
80 3117 8849 2823 4830 2086 3425 7708 2000 5511 5881 8049 1197 9520 5416 8052 7176 784 5052 408 3741 164 311 8377 4575 6328 7078 3304 7401 5189 59 1861 5420 2513 7432 9012 8857 8666 6719 4179 6552 683 6692 5443 9325 8288 1673 5295 716 2292 6939 599 1591 1201 4846 5469 5623 4041 2210 6733 29 9680 2363 7754 6317 9074 1281 5402 7970 8955 6377 1615 2444 5787 5507 2007 9510 9724 1766 3732 4286 
78 175 2452 2198 2351 138 8952 9136 6871 3172 3855 2135 9095 7667 5654 7203 489 8410 7526 1917 9461 5274 2064 1609 2106 5133 8877 3330 5412 5404 1172 4667 8611 9158 832 9389 8915 1892 9299 5214 369 9830 3567 8140 471 7813 5573 6443 7127 4359 438 1684 1510 1696 3270 8557 6066 8451 942 4783 1375 5515 3015 9557 1449 4479 9023 4746 2041 5288 5103 5398 1727 6974 5681 4625 8618 2480 306 
85 691 1109 6227 9988 6671 2297 528 3640 1148 1021 2963 4219 4529 1380 3347 3267 4183 1198 1009 9439 2738 1167 5253 4799 4247 7703 6097 4724 7484 2030 21 4822 1723 8832 5297 8861 6115 8616 3926 3449 6337 4420 8650 6502 8550 7018 6846 6450 6539 6492 4059 3109 7823 755 650 5931 1582 1116 4499 3097 657 1922 1041 9226 6801 3977 6239 5380 1878 5180 3572 652 2097 2170 3355 9991 9094 936 5365 7806 5392 8636 9619 6808 2805 
83 6423 7822 5325 4114 6152 78 5653 5721 9787 3987 9128 7707 9120 3291 9980 7144 7485 6746 3731 7986 8834 8924 1342 5875 7356 4385 3724 9220 4306 6084 3908 8325 3336 8147 4281 3146 6697 384 7370 5411 310 8512 76 213 9177 4351 5577 4756 4700 3837 5081 1195 4836 444 9465 7027 608 2580 9711 8735 7904 7454 2377 1658 4426 6489 3066 9342 3727 6583 978 6360 3607 2616 2123 2119 9723 5897 518 3554 7348 1648 3260 
80 2849 7136 2586 3198 8730 2202 4115 6595 450 3312 8003 961 9352 4050 5148 5066 4001 3836 7016 4730 7691 745 7379 1433 5862 3234 6764 4388 5856 9835 7522 2802 3407 5818 6586 3127 1126 4382 9280 8435 4546 382 585 9588 3368 6594 2226 2216 1906 2806 588 8276 4842 6054 4405 2696 4781 6067 6536 723 6101 6420 2856 823 1112 4255 5538 349 809 5337 1119 1181 1263 166 9615 2467 8514 9109 1533 7417 
80 9014 7735 2996 9727 9826 6610 256 5185 3681 3126 8193 8277 684 1760 792 6304 308 3871 2591 4672 9240 6218 7202 5838 9854 6847 4163 9067 9526 1329 9964 2705 609 3584 412 5219 2520 5152 2235 2549 1838 9002 157 3641 2692 3890 2379 536 7570 8367 7333 807 6043 6232 3964 2366 6144 366 6080 9536 9225 1877 6619 9208 5580 2571 7156 9586 2911 5918 556 696 4339 4685 8816 4331 3280 5556 93 4162 
83 6096 9189 2563 3492 3551 2648 2554 7380 2205 4909 6925 7151 3557 3139 5102 2519 5744 2391 4828 7489 4048 2771 3341 7660 1219 5390 9889 7472 995 2924 3548 2610 2124 6849 9855 5904 2121 1321 6298 7247 4165 6208 8560 4167 2949 5924 4750 9893 9852 1781 1973 2929 5672 1903 8056 3714 9521 7504 5165 4245 5264 5250 1912 6858 7714 2405 1470 4105 7617 6052 4561 3308 7050 1022 1928 3038 8180 7774 7293 9910 7392 6389 4719 
86 6781 1386 4759 9243 7096 3911 7529 736 1051 422 4195 4009 9139 5051 949 9899 2301 2920 9790 3651 1420 5105 5570 9231 9153 6708 392 8628 886 7352 4544 3989 8755 1320 7816 9490 9792 7443 32 3983 7199 7924 6841 86 3886 9122 2312 8283 9471 4780 5212 8304 9701 2488 4439 8380 8059 8209 9210 8888 7263 9514 6911 1447 1716 4416 8554 2214 6818 9997 2718 6838 1287 5858 6667 3652 8782 6435 1350 3829 6625 3386 8668 4086 274 9614 
86 5604 1711 7545 7256 1424 5954 8903 5938 7590 7648 4480 9806 3764 1220 1985 171 1293 6452 7719 606 5446 6902 499 927 5312 8458 7671 8040 4792 7847 3379 5440 1557 3431 5292 6378 2465 9233 259 2760 4545 1914 1461 6175 3674 5978 6607 2757 3895 1616 1763 9647 5150 8233 9641 5431 4649 3077 8674 9137 8703 3140 315 8065 1699 8622 1277 6260 3542 8522 7505 3354 9099 3041 1266 9398 3601 47 9814 8619 5042 8932 447 3708 3779 2672 
91 6130 6424 8854 8184 8653 5595 810 7014 1139 5934 1926 9385 7867 4126 6421 2218 73 4302 6566 4221 2748 7406 8001 7561 4524 8641 1904 4446 6606 2846 6210 8191 9983 1003 6352 7150 1370 9145 5831 4617 1829 6414 9326 6895 9196 3672 9935 2888 9513 4482 5487 2521 5186 9726 7762 6035 454 7372 4007 4675 3691 9048 9656 1989 2597 6209 2072 6769 1951 5109 6899 2938 3419 1396 7164 4224 9080 3955 7307 3961 8625 4362 6303 6269 8945 5930 9404 2611 5517 9456 8011 
82 5634 1577 2765 9538 2335 8346 7335 4327 8324 5298 2535 9754 3907 6844 2053 4530 4788 9864 8328 7513 1012 8251 1759 8004 2947 743 5597 4782 1360 39 3273 3134 4132 3695 6187 8686 933 9696 522 7882 7033 2739 6439 8982 618 4164 6326 4035 5495 7433 6839 6469 8608 6525 1984 1949 786 7311 8128 3342 4173 5902 783 4790 983 2824 3661 9897 5550 8219 856 4437 3345 7478 7474 7654 6480 6596 7893 4211 411 508 
83 8980 1788 7643 7918 6888 5476 8717 5116 9416 4200 3323 9761 2992 4567 8050 3348 1282 7675 6744 200 2624 3785 5490 5121 1688 5514 3603 9502 67 4212 8294 3685 6885 8115 7552 2534 1507 7493 3753 914 7515 5409 8759 3639 6104 5688 9553 5773 1213 9480 6789 3666 5362 4142 3597 3017 4849 4073 3591 1129 1900 3424 2328 8535 2427 3409 5343 2708 7644 2117 7152 3257 9535 6074 4310 3970 3660 3381 7608 4771 8548 900 9577 
80 9581 6340 13 1408 8383 9791 8977 7458 7516 2640 9129 5585 304 768 8681 6519 6826 3103 7369 6359 6550 5353 2843 8642 5045 2735 1024 4374 8815 560 5694 1085 8352 2724 8760 9832 4263 1029 831 9055 2348 3896 6451 4723 6223 7681 3740 1403 4738 6039 3928 7479 6555 8340 8809 2081 3357 8456 876 9903 1686 1583 8779 8023 3914 1346 8712 2541 882 7073 5032 6397 7579 9350 1327 9841 2719 6804 694 5269 
90 7833 3042 4322 8502 1568 152 6791 3592 8134 7358 2836 7969 2526 3620 8237 9428 3118 9286 9669 7944 2838 9133 8472 425 5769 1310 204 5975 7409 7037 9720 8013 8222 7186 7188 5905 9043 9464 5265 3054 8348 685 3632 3389 4676 2315 6802 407 9262 3184 8667 1931 2726 1058 6263 8580 7446 9319 3115 7113 9245 1941 5800 9259 8326 9377 6771 3498 4366 6688 9025 9620 1393 5593 9927 5679 9931 5094 7124 6180 5949 7396 4744 8623 9349 7422 2157 5486 6491 2367 
81 5455 3516 3756 2772 7030 9213 8934 6482 3201 6983 5910 2013 8766 5182 5671 2642 5916 5759 2489 5439 5301 4370 9733 9093 3313 4497 6862 2946 8691 9039 3543 1587 2156 4231 357 6005 5048 9959 3514 1063 5519 9757 5982 7630 2043 8217 7273 5098 2839 2625 2344 463 9516 3738 2641 4528 1979 1343 2111 4013 2199 9602 4999 7523 6086 2618 4503 8081 940 4346 2854 7846 9291 7466 5724 8205 4256 2215 6173 7936 7796 
81 9351 3363 2414 27 4392 4398 4071 563 5134 6620 9811 879 3845 9963 5400 1165 6816 1592 7467 7359 8645 8793 1028 4264 4003 8680 9420 7407 7039 6856 5793 7830 1044 1544 510 2012 2428 7557 8490 9252 6629 5479 5539 633 4557 6965 8269 1471 9016 4786 6247 3142 7945 9532 4859 4290 7210 5089 2160 3084 5776 1337 4854 5665 7461 3237 4631 374 5430 9244 1820 567 6677 8057 2814 4956 4364 9751 1508 5218 9885 
80 1785 9111 1204 8961 4338 4751 6635 128 4311 5632 3992 8910 7219 5588 7845 6658 2673 3297 3090 9675 87 290 4341 8318 1233 7131 3430 584 1948 7877 7890 4032 8279 6228 4796 9877 6545 4727 4129 7912 3869 6124 4299 8291 8684 631 3976 5335 3809 2605 3338 7145 6467 7055 4613 7122 4510 3208 8764 5979 9934 7977 7826 6921 2085 1382 7367 9140 8767 2415 7231 8358 7003 9812 9296 7953 9768 3436 727 8355 
81 2440 9141 9446 8207 8544 4506 5206 5865 3781 3720 4415 5968 1855 4777 2395 7715 5171 3443 2410 429 9380 2562 6652 8728 5508 3925 1724 3110 5166 9515 2276 3524 4081 5760 1644 3132 1103 5067 5720 5426 6924 8028 887 1640 629 7510 7262 847 8457 4554 5788 8069 9684 3294 3874 3244 5381 1841 3135 9924 2740 7058 7759 5237 3043 2052 6285 6675 2420 1603 478 6512 8353 8092 5037 3736 8478 9354 8696 5208 300 
66 2098 8709 6613 1387 5583 49 3044 8829 1737 2168 3036 6177 4967 5680 9467 4034 6237 9648 9393 5159 8723 1098 9562 1149 5906 7851 5096 2120 6612 2820 7005 5027 1409 3391 3458 4737 7626 9046 9525 5327 8973 342 6604 4233 913 8280 1019 6741 2729 7241 4038 3586 9630 6593 2627 1404 285 9922 7553 7625 2781 2879 341 8395 7272 7535 
67 4904 7080 8896 9117 281 3160 61 2003 6410 571 6657 813 9361 3573 9038 5457 2161 358 4031 7305 4064 6183 1808 2600 9545 3830 7278 1304 3009 231 2981 2151 7385 1256 2697 3960 1736 9451 2972 9511 5179 7716 5626 9938 346 9449 6131 2621 607 1633 4721 9450 94 9473 5283 4203 2727 7657 8182 9973 2464 8923 7881 6587 6351 3517 2436 
59 9861 1415 3181 1807 9236 9408 6699 3412 295 4976 8394 4472 5336 466 3156 6572 9363 2011 7068 3249 6224 5964 9816 8137 2845 3609 2960 6225 2882 3179 6953 4128 9419 1666 5324 8947 1075 4894 2455 8136 668 6560 9840 8179 312 5541 5927 6127 3414 931 5340 7193 1241 1537 1394 8422 5576 7756 2681 
46 7427 4980 8232 2863 3153 6284 4476 158 9267 2207 2931 9760 199 9309 7776 5802 1519 1504 57 8976 373 2982 4493 4774 9530 1803 875 9566 7434 6071 5363 2588 8342 2025 921 988 6230 9337 3689 6608 7897 8794 6081 2073 9770 2102 
7 4243 5304 5866 9333 6852 4012 9603 
0 
0 
0 
0 
0 
0 
0 
0 
0 
0 
0 
0 
0 
0 
0 
0 
0 
0 
0 
0 
0 
0 
0 
0 
0 
0 
0 
0 
0 
0 
0 
0 
0 
0 
0 
0 
0 
0 
0 
0 
0 
0 
0 
0 
0 
0 
0 
0 
0 
0 
0 
0 
0 
0 
0 
0 
0 
0 
0 
0 
0 
0 
0 
0 
0 
0 
0 
0 
0 
0 
0 
0 
0 
0 
0 
0 
0 
0 
0 
0 
0 
0 
0 
0 
0 
0 
0 
0 
0 
0 
0 
0 
0 
0 
0 
0 
0 
0 
0 
0 
0 
0 
0 
0 
0 
0 
0 
0 
0 
0 
0 
0 
0 
0 
0 
0 
0 
0 
0 
0 
0 
0 
0 
0 
0 
0 
0 
0 
0 
0 
0 
0 
0 
0 
0 
0 
0 
0 
0 
0 
0 
0 
0 
0 
0 
0 
0 
0 
0 
0 
0 
0 
0 
0 
0 
0 
0 
0 
0 
0 
0 
0 
0 
0 
0 
0 
0 
0 
0 
0 
0 
0 
0 
0 
0 
0 
0 
0 
0 
0 
0 
0 
0 
0 
0 
0 
0 
0 
0 
0 
0 
0 
0 
0 
0 
0 
0 
0 
0 
0 
0 
0 
0 
0 
0 
0 
0 
0 
0 
0 
0 
0 
0 
0 
0 
0 
0 
0 
0 
0 
0 
0 
0 
0 
0 
0 
0 
0 
0 
0 
0 
0 
0 
0 
0 
0 
0 
