31 0 184 72 7 246 203 136 105 60 79 245 230 128 174 239 295 163 23 237 76 131 5 205 55 176 71 262 240 84 169 274 
27 296 249 162 260 137 187 267 57 21 29 28 254 268 191 61 160 42 118 139 31 78 280 120 206 94 173 183 
25 216 88 148 276 227 38 200 232 188 214 204 82 253 22 147 6 25 201 112 192 215 30 233 49 132 
22 180 85 159 127 225 18 129 91 102 202 146 236 197 48 101 16 266 145 297 279 178 257 
20 75 259 56 290 156 96 217 271 170 73 10 124 250 182 155 154 229 189 211 151 
17 294 15 285 224 282 14 50 89 90 235 98 264 223 228 97 1 247 
15 133 218 261 63 39 241 121 111 177 283 138 196 141 256 208 
14 95 263 226 277 40 157 117 114 93 119 106 104 47 143 
11 273 213 281 68 298 140 287 248 265 126 272 
4 244 11 199 292 
2 3 242 
3 209 51 152 
3 27 12 153 
3 207 83 59 
2 278 149 
0 
0 
0 
0 
0 
0 
0 
0 
0 
0 
0 
0 
0 
0 
0 
0 
0 
0 
0 
0 
0 
0 
0 
0 
0 
0 
0 
0 
0 
0 
0 
0 
0 
0 
0 
0 
0 
0 
0 
0 
0 
0 
0 
0 
0 
0 
0 
0 
0 
0 
0 
0 
0 
0 
0 
0 
0 
0 
0 
0 
0 
0 
0 
0 
0 
0 
0 
0 
0 
0 
0 
0 
0 
0 
0 
0 
0 
0 
0 
0 
0 
0 
0 
0 
0 
